6 0.489388 0.474539 0.017650 0.030486
6 0.550045 0.466667 0.015192 0.029481
6 0.416108 0.626968 0.018990 0.035176
2 0.550268 0.475377 0.009830 0.012060
2 0.488941 0.480905 0.008713 0.010385
3 0.453865 0.530988 0.007373 0.010050
3 0.494973 0.516918 0.006479 0.012730
3 0.548146 0.526968 0.009607 0.012730
3 0.536528 0.519430 0.006032 0.014405
5 0.447386 0.691792 0.007373 0.015410
7 0.418119 0.680737 0.044013 0.077722
7 0.480340 0.501173 0.030831 0.056951
7 0.551050 0.498157 0.029714 0.060972
4 0.415103 0.624958 0.014298 0.024456
4 0.489723 0.469347 0.017426 0.018760
7 0.301944 0.173367 0.029267 0.061307
4 0.549933 0.462144 0.013628 0.020436
0 0.475760 0.524456 0.056971 0.137018
0 0.549151 0.521776 0.036193 0.151089
0 0.420800 0.714070 0.065460 0.214070
0 0.302279 0.196315 0.040661 0.123953