5 0.271127 0.768194 0.042002 0.042044
3 0.446806 0.591912 0.023893 0.025452
3 0.455294 0.625754 0.019492 0.025641
3 0.575830 0.340121 0.008048 0.016214
3 0.566336 0.369061 0.006162 0.017157
3 0.660274 0.323812 0.007420 0.012632
0 0.716235 0.240008 0.039613 0.119910
0 0.683539 0.257353 0.044894 0.130090
0 0.639713 0.296569 0.049296 0.141026
0 0.593750 0.331637 0.059230 0.151961
0 0.545586 0.458051 0.065518 0.219646
0 0.483463 0.495852 0.123365 0.196078
0 0.385815 0.516874 0.164738 0.286765
0 0.167065 0.749717 0.261695 0.493401