2 0.548699 0.322536 0.075524 0.071231
6 0.553534 0.314860 0.101312 0.088732
6 0.181902 0.443123 0.134930 0.117132
6 0.914575 0.464154 0.170850 0.122966
1 0.595901 0.324148 0.014736 0.022567
1 0.872208 0.473365 0.018420 0.033927
5 0.589109 0.558566 0.113516 0.100246
5 0.629979 0.544980 0.097628 0.079828
5 0.520262 0.553654 0.045821 0.033313
5 0.340203 0.579675 0.079438 0.038072
5 0.338361 0.563402 0.099701 0.043291
0 0.556413 0.467915 0.231867 0.399447
0 0.765715 0.701259 0.468570 0.597482
0 0.238430 0.501458 0.302786 0.246085