6 0.244420 0.311942 0.131399 0.256920
6 0.417932 0.329576 0.096280 0.172545
6 0.579688 0.357366 0.092113 0.200000
6 0.777976 0.209152 0.105357 0.185268
5 0.303199 0.692857 0.091518 0.081250
5 0.319717 0.746987 0.070089 0.072991
5 0.447024 0.629018 0.088095 0.034821
5 0.462128 0.664174 0.068899 0.031920
5 0.528497 0.636049 0.049851 0.051116
5 0.623735 0.641964 0.044196 0.069643
5 0.789658 0.605469 0.077827 0.070759
1 0.197470 0.316183 0.018452 0.054688
1 0.620238 0.354799 0.008631 0.043080
1 0.826190 0.229464 0.009524 0.041518
1 0.735268 0.233371 0.012500 0.036384
0 0.217708 0.591295 0.280952 0.817411
0 0.414211 0.618973 0.194494 0.762054
0 0.578199 0.623437 0.198958 0.753125
0 0.803943 0.554911 0.287054 0.890179