6 0.283557 0.480246 0.140625 0.253348
2 0.294940 0.530134 0.090179 0.155804
6 0.376190 0.294308 0.095238 0.196205
2 0.380283 0.323214 0.078720 0.136607
6 0.518824 0.139397 0.106399 0.163170
6 0.709970 0.198549 0.062500 0.128795
1 0.240848 0.501004 0.023661 0.060045
1 0.337426 0.309710 0.007887 0.018527
1 0.695610 0.198772 0.009375 0.036830
5 0.501190 0.895312 0.074702 0.094643
5 0.409896 0.792634 0.074256 0.079464
5 0.375074 0.653460 0.069792 0.073884
5 0.510193 0.713951 0.073661 0.069420
5 0.615104 0.286719 0.026339 0.044866
0 0.411310 0.494196 0.271131 0.596429
0 0.312872 0.677455 0.451637 0.645089
0 0.716071 0.377567 0.150000 0.483705
0 0.526042 0.370201 0.204762 0.624330