6 0.224500 0.555875 0.058333 0.106250
6 0.030750 0.591500 0.061167 0.152000
6 0.163083 0.717000 0.110167 0.188000
6 0.533583 0.447750 0.048833 0.083500
6 0.554667 0.405750 0.043333 0.073500
6 0.756667 0.293500 0.038333 0.079000
2 0.757500 0.305250 0.024000 0.046000
5 0.445500 0.599250 0.031000 0.057500
5 0.346500 0.837875 0.023667 0.054250
5 0.100250 0.864750 0.028500 0.068000
3 0.095083 0.953000 0.043833 0.094000
1 0.746417 0.293875 0.007500 0.018750
0 0.722167 0.323125 0.115667 0.127750
0 0.495417 0.507750 0.127500 0.246000
0 0.570167 0.509750 0.072333 0.286500
0 0.235000 0.811875 0.287333 0.376250
0 0.272750 0.684375 0.170500 0.372750
0 0.060000 0.754375 0.119667 0.491250