6 0.115875 0.546667 0.008250 0.007000
6 0.151625 0.549083 0.008750 0.006833
6 0.307750 0.554333 0.010500 0.009333
6 0.262750 0.551333 0.011000 0.008333
6 0.158875 0.554667 0.008750 0.008000
6 0.198250 0.552167 0.009500 0.007333
2 0.117125 0.547333 0.005750 0.004000
2 0.149000 0.549417 0.003000 0.006833
2 0.305875 0.553417 0.005250 0.005500
2 0.264625 0.552667 0.005750 0.006333
0 0.307750 0.565667 0.022000 0.026333
0 0.269750 0.563167 0.031500 0.034333
0 0.113250 0.559583 0.024500 0.032167
0 0.161500 0.565167 0.019500 0.029667
0 0.196375 0.564583 0.017250 0.027833
5 0.111375 0.561000 0.004250 0.004333
5 0.140000 0.550417 0.003500 0.005167
5 0.143375 0.551250 0.003750 0.004833
5 0.166375 0.560250 0.005750 0.005833
5 0.273375 0.558917 0.002750 0.005167