6 0.384298 0.593364 0.025310 0.042438
6 0.257748 0.472222 0.025826 0.053241
3 0.424458 0.714699 0.010589 0.036651
3 0.370222 0.729167 0.005940 0.024691
5 0.292485 0.596258 0.012655 0.019676
5 0.677169 0.723380 0.009814 0.037037
6 0.685692 0.593557 0.027893 0.065972
1 0.392949 0.599344 0.002841 0.012731
1 0.262784 0.481674 0.004390 0.011960
4 0.257490 0.457948 0.025826 0.027006
4 0.384168 0.584105 0.025052 0.025463
4 0.689050 0.579090 0.033058 0.034722
1 0.677944 0.607060 0.003099 0.011188
0 0.261364 0.594715 0.075930 0.310571
0 0.396436 0.711806 0.074897 0.279321