6 0.480652 0.684592 0.008423 0.030334
2 0.480957 0.689245 0.007080 0.018959
6 0.528625 0.705791 0.009888 0.019648
2 0.530151 0.710100 0.004883 0.008962
6 0.570129 0.701827 0.007446 0.026198
2 0.570557 0.705791 0.005615 0.016201
6 0.679993 0.690969 0.012817 0.022406
2 0.680298 0.696139 0.006104 0.010686
6 0.757568 0.684247 0.009033 0.026198
2 0.758362 0.688728 0.006714 0.015857
5 0.487854 0.758359 0.005249 0.013788
5 0.478577 0.759566 0.005493 0.010686
5 0.519409 0.745777 0.003418 0.008618
5 0.537170 0.748707 0.003784 0.008273
5 0.573853 0.752671 0.003174 0.011375
5 0.564758 0.757497 0.004517 0.007928
5 0.671265 0.751120 0.004150 0.011720
5 0.688232 0.691313 0.004150 0.007239
5 0.761902 0.737332 0.003784 0.011031
5 0.762268 0.726301 0.003784 0.006205
0 0.480469 0.718545 0.022217 0.097553
0 0.570862 0.725095 0.018921 0.072734
0 0.527832 0.724061 0.023193 0.066529
0 0.681519 0.713547 0.025635 0.085488
0 0.754944 0.705446 0.022827 0.073423