2 0.409915 0.580780 0.132527 0.110609
2 0.513180 0.326427 0.058525 0.089810
2 0.706167 0.488471 0.065296 0.047888
6 0.400363 0.561593 0.167594 0.163173
6 0.493833 0.318043 0.098186 0.116898
6 0.703990 0.475734 0.078839 0.079168
5 0.420073 0.811029 0.149456 0.054499
5 0.553325 0.469123 0.100121 0.052402
5 0.531802 0.437198 0.106409 0.045953
5 0.696252 0.566914 0.059008 0.026443
1 0.330593 0.564012 0.026602 0.035795
1 0.668803 0.476943 0.008464 0.018059
0 0.462031 0.494276 0.342684 0.474847
0 0.726119 0.614479 0.253204 0.348597
0 0.414631 0.739197 0.658041 0.521606