6 0.802779 0.287183 0.059602 0.099323
6 0.660305 0.332581 0.051231 0.087284
6 0.488783 0.376599 0.056421 0.087033
6 0.317847 0.322297 0.061443 0.107349
6 0.196551 0.277276 0.070651 0.107098
2 0.210866 0.286933 0.037335 0.085277
2 0.329650 0.336845 0.035158 0.073238
2 0.475054 0.383246 0.026285 0.074743
2 0.651264 0.341736 0.029801 0.067971
2 0.794324 0.298595 0.043027 0.073990
1 0.307802 0.331954 0.012557 0.027840
1 0.815671 0.296087 0.007701 0.020818
5 0.434204 0.421620 0.022937 0.048658
5 0.375356 0.462002 0.034823 0.039127
5 0.497154 0.528217 0.029299 0.034612
5 0.750209 0.451216 0.031475 0.044143
5 0.746024 0.469150 0.023439 0.025834
5 0.601959 0.490971 0.027289 0.037371
5 0.621463 0.574367 0.025783 0.047153
5 0.342625 0.622649 0.033317 0.055932
5 0.245019 0.386506 0.037000 0.056684
5 0.254730 0.386506 0.028629 0.053173
0 0.349071 0.629671 0.222669 0.725608
0 0.197723 0.591297 0.141637 0.766742
0 0.484430 0.594306 0.152855 0.548031
0 0.626486 0.586531 0.202913 0.621771
0 0.779675 0.597943 0.162397 0.735390