6 0.675482 0.147909 0.127355 0.206052
6 0.460272 0.454097 0.114642 0.228834
6 0.219977 0.404964 0.127128 0.242095
6 0.840522 0.609317 0.180477 0.242095
2 0.458002 0.497110 0.089671 0.138048
2 0.240182 0.457157 0.085812 0.137708
2 0.650170 0.193472 0.067650 0.104046
5 0.097276 0.674260 0.079682 0.078885
5 0.690806 0.925536 0.059024 0.078885
5 0.754711 0.903774 0.051532 0.105406
5 0.672077 0.457667 0.047900 0.047603
5 0.670261 0.507820 0.089217 0.039102
0 0.690238 0.428596 0.281725 0.794628
0 0.449603 0.562394 0.276277 0.471948
0 0.164245 0.590785 0.302611 0.620537
0 0.829512 0.735634 0.340976 0.528732