6 0.201538 0.661865 0.006104 0.015124
6 0.214844 0.662766 0.005615 0.013324
6 0.224854 0.664386 0.005615 0.013684
6 0.235046 0.671228 0.004761 0.015844
6 0.246216 0.664926 0.005371 0.016925
6 0.258911 0.671948 0.005371 0.017285
2 0.201599 0.662766 0.004517 0.010443
2 0.214417 0.663126 0.004517 0.011883
2 0.224792 0.665106 0.003540 0.010083
2 0.234741 0.673028 0.003418 0.010803
2 0.246155 0.666547 0.003052 0.009363
2 0.258850 0.675009 0.003052 0.006842
5 0.192017 0.648542 0.003906 0.007202
5 0.219055 0.644941 0.002319 0.009363
5 0.229797 0.654483 0.002075 0.006842
5 0.238037 0.654843 0.002197 0.006842
5 0.238464 0.652863 0.001587 0.008642
5 0.252258 0.652683 0.002319 0.006842
5 0.253418 0.652683 0.002197 0.008282
5 0.268127 0.670688 0.003784 0.006122
0 0.200195 0.691574 0.019775 0.095427
0 0.214600 0.688513 0.010010 0.097947
0 0.223877 0.687973 0.011719 0.098308
0 0.234680 0.689953 0.010620 0.082103
0 0.245361 0.687432 0.015869 0.077782
0 0.260803 0.688873 0.018433 0.079942