2 0.429018 0.194122 0.040179 0.047173
6 0.422768 0.188021 0.054464 0.057887
2 0.539397 0.218601 0.046205 0.040774
6 0.537165 0.208408 0.051563 0.058780
2 0.634375 0.211161 0.037500 0.048512
6 0.665290 0.197396 0.100223 0.074554
2 0.324219 0.210342 0.051116 0.069196
6 0.297321 0.203869 0.104464 0.079464
1 0.293527 0.214137 0.018750 0.020833
1 0.661719 0.210714 0.016295 0.016964
5 0.436496 0.339732 0.053348 0.019345
5 0.422768 0.280283 0.042857 0.020089
5 0.408036 0.284077 0.044643 0.022619
5 0.370312 0.364807 0.029464 0.018304
5 0.532254 0.335417 0.048884 0.025000
5 0.532924 0.283408 0.035938 0.019494
5 0.558817 0.283185 0.025223 0.023512
0 0.150558 0.188765 0.038170 0.048363
6 0.139955 0.175149 0.014732 0.022321
2 0.140848 0.176042 0.011607 0.017560
5 0.163951 0.195238 0.009598 0.011607
0 0.090067 0.175818 0.054241 0.042411
6 0.076228 0.164732 0.023438 0.019643
2 0.082478 0.165625 0.009598 0.015476
1 0.074888 0.166890 0.003795 0.006696
0 0.542746 0.250372 0.115402 0.198065
0 0.422210 0.286905 0.138616 0.251190
0 0.666741 0.320759 0.321429 0.324554
0 0.298772 0.330655 0.328795 0.338393