2 0.385917 0.389750 0.109167 0.199500
6 0.391417 0.352750 0.148500 0.272500
2 0.266750 0.239000 0.178500 0.209000
6 0.274333 0.224375 0.192667 0.244750
2 0.602500 0.429750 0.089667 0.155000
6 0.599750 0.414000 0.100167 0.188000
2 0.943500 0.315375 0.113000 0.311250
6 0.944000 0.251125 0.112000 0.461250
6 0.944083 0.457375 0.111833 0.198750
1 0.236833 0.125750 0.054667 0.081000
1 0.330583 0.368750 0.017167 0.039000
1 0.943917 0.453250 0.024500 0.055000
5 0.288167 0.702875 0.118000 0.162750
5 0.367167 0.699750 0.075667 0.104000
5 0.518917 0.753500 0.065833 0.072500
5 0.521667 0.660500 0.093333 0.083500
5 0.735000 0.826500 0.144667 0.095500
5 0.552750 0.820750 0.109500 0.185000
5 0.888083 0.477250 0.083500 0.161000
0 0.544667 0.511750 0.237667 0.435000
0 0.749083 0.509375 0.501833 0.981250
0 0.185583 0.500125 0.370833 0.999750
0 0.329000 0.610125 0.449667 0.779750