5 0.321176 0.576128 0.049412 0.098059
5 0.470252 0.609907 0.046387 0.049156
5 0.521429 0.611293 0.049244 0.045878
5 0.802017 0.504790 0.063529 0.096042
6 0.183782 0.328334 0.133613 0.224099
1 0.166891 0.359718 0.024874 0.054449
2 0.214202 0.364255 0.072773 0.150744
6 0.504454 0.376103 0.068403 0.148727
2 0.507899 0.390850 0.057815 0.121754
1 0.474538 0.382783 0.009580 0.034535
6 0.854706 0.351021 0.112101 0.188808
2 0.833025 0.375977 0.068739 0.137383
0 0.883613 0.542728 0.225378 0.563650
0 0.192941 0.523695 0.305882 0.612301
0 0.514286 0.481472 0.229244 0.360978