6 0.264750 0.412583 0.062000 0.065500
6 0.157625 0.426667 0.068250 0.061667
6 0.442375 0.430000 0.061750 0.057000
2 0.444375 0.440250 0.053250 0.036833
2 0.270500 0.430083 0.050000 0.030833
2 0.167250 0.434917 0.047500 0.043500
1 0.137875 0.435750 0.016250 0.015500
1 0.470125 0.426583 0.007250 0.014833
1 0.417250 0.430500 0.007500 0.014667
3 0.118500 0.593583 0.045500 0.030500
3 0.227250 0.533417 0.014500 0.035167
3 0.291375 0.528417 0.052250 0.026167
3 0.366500 0.492417 0.046500 0.030833
3 0.458625 0.523917 0.046750 0.026833
3 0.421250 0.524833 0.032000 0.032333
0 0.156125 0.564167 0.179750 0.334333
0 0.485875 0.538833 0.193750 0.277333
0 0.307875 0.514250 0.190750 0.280500