2 0.404667 0.321625 0.050667 0.096250
6 0.408500 0.299750 0.060333 0.136500
2 0.301750 0.420250 0.030833 0.112000
6 0.269250 0.404250 0.095167 0.143000
2 0.797750 0.544750 0.059833 0.109500
6 0.812000 0.537250 0.090000 0.128500
2 0.894083 0.635625 0.068500 0.135250
6 0.929500 0.617875 0.139667 0.172750
2 0.289667 0.652625 0.109000 0.209750
0 0.711583 0.622000 0.322500 0.301000
0 0.206750 0.541250 0.254833 0.417000
0 0.895750 0.765625 0.208500 0.468750
0 0.427667 0.593000 0.195667 0.752000
1 0.832333 0.559125 0.020000 0.030750
1 0.432000 0.318750 0.009667 0.024500
1 0.245000 0.669375 0.010000 0.044750
1 0.338667 0.680125 0.011000 0.044750
5 0.098250 0.458375 0.038167 0.072750
5 0.410667 0.536000 0.047333 0.052500
5 0.446583 0.535750 0.038167 0.049500
5 0.575333 0.524750 0.043000 0.048000
5 0.813333 0.832625 0.046333 0.084250
5 0.873833 0.728500 0.046333 0.115000
0 0.290833 0.772125 0.294667 0.455750