6 0.450250 0.764700 0.012500 0.014200
6 0.451500 0.655300 0.011000 0.014600
6 0.485375 0.691100 0.011750 0.012600
6 0.493000 0.684800 0.008000 0.012400
6 0.527250 0.690700 0.012500 0.012600
6 0.559500 0.668900 0.014000 0.018600
6 0.567500 0.645800 0.012500 0.012400
6 0.610125 0.619900 0.011750 0.013000
6 0.637500 0.606500 0.010500 0.014200
6 0.626375 0.609400 0.011750 0.015600
2 0.451000 0.766600 0.009000 0.011200
2 0.453500 0.658000 0.007500 0.007200
2 0.483500 0.691200 0.006500 0.009200
2 0.608625 0.620700 0.007250 0.009800
2 0.636875 0.609000 0.007250 0.009200
2 0.565375 0.647500 0.007250 0.007400
5 0.527500 0.700800 0.006000 0.008000
5 0.463875 0.783600 0.004250 0.008800
5 0.458000 0.789400 0.006000 0.007600
5 0.456250 0.678700 0.005500 0.007400
5 0.447500 0.682900 0.005500 0.006600
5 0.479500 0.722500 0.006500 0.006600
5 0.581125 0.699900 0.004250 0.006600
0 0.450250 0.672500 0.025500 0.055000
0 0.452000 0.792800 0.031500 0.074400
0 0.570500 0.655200 0.021500 0.028400
0 0.484875 0.719500 0.026750 0.067400
0 0.531375 0.714000 0.025750 0.057200
0 0.638250 0.605900 0.012500 0.017000
0 0.610625 0.619700 0.013750 0.016200
0 0.558875 0.691100 0.028750 0.061400
0 0.594750 0.697200 0.033500 0.037200