6 0.170455 0.348485 0.231818 0.421970
2 0.231187 0.413068 0.107323 0.292045
6 0.285859 0.161932 0.146465 0.253409
2 0.318561 0.195265 0.051768 0.185985
6 0.546465 0.504924 0.177778 0.313636
2 0.584343 0.550379 0.075758 0.222727
6 0.799116 0.089015 0.112374 0.178030
2 0.797854 0.089962 0.089141 0.174621
5 0.734848 0.896970 0.045960 0.059091
5 0.178662 0.616667 0.040152 0.080303
5 0.902778 0.369886 0.064646 0.104167
5 0.741793 0.432955 0.038131 0.050758
1 0.163005 0.383333 0.030051 0.103030
1 0.750379 0.071212 0.012374 0.040152
1 0.847854 0.057197 0.011869 0.054545
0 0.579545 0.640341 0.379798 0.580682
0 0.221717 0.566477 0.443434 0.867045
0 0.823232 0.440530 0.315152 0.881061
0 0.280808 0.430492 0.245960 0.792045