6 0.309125 0.869833 0.082250 0.084333
2 0.311875 0.891333 0.066750 0.040667
6 0.346875 0.839500 0.045250 0.051667
6 0.495000 0.844250 0.191000 0.159500
2 0.550000 0.868417 0.082000 0.111167
6 0.629250 0.884417 0.131000 0.106833
6 0.616500 0.812083 0.022500 0.018500
6 0.661250 0.827167 0.023500 0.020333
6 0.721125 0.852417 0.056250 0.049167
6 0.800875 0.837167 0.102750 0.084667
6 0.873375 0.863833 0.062250 0.055667
1 0.273375 0.873000 0.010250 0.022667
1 0.364750 0.850083 0.007500 0.009167
1 0.497250 0.856917 0.024000 0.040500
1 0.653625 0.900167 0.016750 0.023000
1 0.607750 0.816250 0.004000 0.006500
1 0.696500 0.862583 0.007500 0.014833
1 0.759375 0.853833 0.016750 0.025333
1 0.846375 0.851167 0.010250 0.021667
1 0.900250 0.875833 0.008000 0.022667
0 0.439375 0.073833 0.142750 0.058000
0 0.489875 0.881750 0.293250 0.236500
0 0.676500 0.914917 0.226500 0.170167
0 0.815375 0.897583 0.256750 0.204833
0 0.875000 0.869750 0.069000 0.068833
0 0.733625 0.879667 0.089750 0.106333
0 0.326125 0.870750 0.118750 0.092500
0 0.356625 0.857000 0.063750 0.085667