6 0.031120 0.653241 0.056510 0.077778
2 0.047526 0.654167 0.022656 0.074074
6 0.309245 0.675000 0.051302 0.078704
6 0.666927 0.671296 0.044792 0.089815
6 0.966797 0.674769 0.065365 0.087500
1 0.323047 0.694213 0.007031 0.023611
1 0.031510 0.664815 0.011458 0.015741
1 0.648828 0.688657 0.005469 0.024537
5 0.407031 0.799074 0.023438 0.031481
5 0.114974 0.785417 0.013802 0.015278
0 0.664844 0.815972 0.133854 0.368056
0 0.945312 0.817361 0.109375 0.365278
0 0.338281 0.815509 0.160938 0.368981
0 0.073177 0.805787 0.138021 0.388426