6 0.092014 0.300589 0.176523 0.291756
6 0.662498 0.123260 0.106128 0.246520
6 0.894497 0.122056 0.125960 0.193790
6 0.089959 0.296574 0.179918 0.296039
2 0.651778 0.172243 0.077542 0.149090
2 0.872878 0.141060 0.072718 0.147216
1 0.703323 0.144406 0.020189 0.057548
1 0.116759 0.330701 0.028408 0.098233
5 0.789441 0.529042 0.059496 0.054872
5 0.524120 0.474706 0.095944 0.107869
5 0.557977 0.535332 0.031088 0.057816
5 0.423352 0.534529 0.094515 0.096895
0 0.831517 0.511242 0.332678 0.964668
0 0.240754 0.559020 0.481508 0.869111
0 0.676344 0.386777 0.313918 0.773555