6 0.683375 0.382077 0.154250 0.287964
6 0.454750 0.288151 0.124500 0.277090
2 0.447500 0.335021 0.103000 0.184102
2 0.657500 0.423885 0.102500 0.202100
5 0.365375 0.462692 0.075750 0.120735
5 0.313875 0.616423 0.066750 0.104987
5 0.411500 0.732471 0.106000 0.127859
5 0.121750 0.285902 0.058000 0.041620
5 0.143000 0.305774 0.077000 0.037870
1 0.505500 0.306149 0.022000 0.064867
1 0.708875 0.389764 0.030750 0.076865
0 0.426000 0.418073 0.300000 0.560180
0 0.632125 0.573678 0.548250 0.716160
0 0.214125 0.299963 0.239750 0.599925