2 0.787553 0.310652 0.110263 0.250599
2 0.682085 0.351398 0.065874 0.139814
2 0.640447 0.380160 0.038352 0.108921
2 0.610618 0.380426 0.035511 0.090280
2 0.575107 0.394008 0.033381 0.072703
6 0.835671 0.260586 0.211470 0.337417
6 0.698686 0.326897 0.093395 0.215446
6 0.659357 0.365246 0.070845 0.138748
6 0.614702 0.379095 0.043679 0.112117
6 0.578125 0.388549 0.041903 0.094807
1 0.859819 0.293875 0.032848 0.077497
1 0.724698 0.338615 0.016513 0.053529
5 0.657138 0.882956 0.097656 0.131292
0 0.720881 0.508389 0.172940 0.593342
0 0.581587 0.472836 0.065874 0.256458
0 0.797496 0.539281 0.400036 0.921438
0 0.658026 0.524234 0.083452 0.434354
0 0.618874 0.497603 0.074041 0.318242