6 0.405437 0.569990 0.017239 0.038538
6 0.562655 0.591124 0.029670 0.044008
6 0.635007 0.567006 0.025858 0.043511
6 0.618681 0.568871 0.013758 0.044257
2 0.619261 0.575211 0.008951 0.029587
2 0.569037 0.597091 0.015581 0.029090
2 0.406100 0.577325 0.014918 0.020388
6 0.299436 0.614495 0.023703 0.045500
1 0.558760 0.596096 0.004973 0.012183
1 0.623653 0.574590 0.003812 0.012929
1 0.645533 0.575833 0.003812 0.010443
1 0.614620 0.575833 0.003647 0.011934
0 0.561909 0.630283 0.051716 0.125311
0 0.399552 0.571855 0.028344 0.042765
0 0.633350 0.623570 0.077905 0.162108