2 0.152643 0.550272 0.070318 0.101840
2 0.334658 0.312905 0.058742 0.082146
2 0.497236 0.282327 0.057015 0.093548
2 0.653334 0.338430 0.053041 0.062711
2 0.804423 0.572558 0.065999 0.076445
6 0.802004 0.550272 0.077056 0.130863
6 0.652384 0.327676 0.073255 0.128272
6 0.499309 0.252527 0.071527 0.145893
6 0.336386 0.280513 0.070836 0.150039
6 0.157999 0.526043 0.102108 0.154962
1 0.836558 0.554030 0.009330 0.031096
1 0.767882 0.570355 0.011921 0.031096
1 0.681583 0.334672 0.008293 0.023581
1 0.624914 0.344390 0.009675 0.023322
1 0.530321 0.271055 0.007775 0.036797
1 0.467951 0.270666 0.007084 0.036020
1 0.366880 0.296709 0.006738 0.034724
1 0.304682 0.299041 0.011921 0.037315
5 0.434001 0.514512 0.062198 0.064524
5 0.290688 0.523581 0.031963 0.039129
5 0.239375 0.784789 0.052004 0.062970
5 0.183397 0.877948 0.036455 0.060637
5 0.557187 0.461778 0.034900 0.039907
5 0.611869 0.518010 0.013649 0.042498
5 0.813925 0.633454 0.065308 0.090956
5 0.972011 0.906193 0.055978 0.083441
0 0.496372 0.554807 0.203179 0.778440
0 0.329129 0.576186 0.171735 0.751231
0 0.838545 0.714563 0.322909 0.442861
0 0.165169 0.710417 0.234278 0.509199
0 0.659554 0.602747 0.155321 0.681005