6 0.545400 0.411191 0.070000 0.125713
6 0.791100 0.457996 0.084200 0.147315
6 0.276700 0.445395 0.097800 0.176118
2 0.778600 0.478698 0.054400 0.095710
2 0.534300 0.434293 0.043000 0.066307
2 0.289000 0.466847 0.064000 0.119412
1 0.814700 0.480048 0.016200 0.032403
0 0.223900 0.654515 0.290200 0.600360
5 0.455600 0.594959 0.028400 0.045605
5 0.539700 0.644614 0.035400 0.033303
5 0.332600 0.846985 0.068400 0.054605
5 0.257500 0.696520 0.037000 0.075308
5 0.784900 0.534803 0.047800 0.041104
0 0.825100 0.594509 0.226200 0.426943
0 0.507500 0.585359 0.183000 0.476448