6 0.069995 0.277734 0.106709 0.144216
2 0.097861 0.288035 0.051506 0.122821
6 0.420497 0.154319 0.078711 0.153328
2 0.438457 0.168185 0.042261 0.123217
6 0.510697 0.331418 0.091653 0.130349
2 0.534469 0.342314 0.044638 0.110143
6 0.716191 0.217314 0.072108 0.120048
2 0.708003 0.227021 0.044638 0.096672
6 0.827390 0.244057 0.103803 0.168780
2 0.791865 0.266838 0.032752 0.127971
5 0.142763 0.648177 0.049392 0.097464
5 0.590597 0.509707 0.059694 0.056656
5 0.657554 0.525753 0.065240 0.044374
5 0.669308 0.485737 0.031167 0.054675
1 0.065901 0.285460 0.019810 0.039223
1 0.412309 0.163629 0.013207 0.035658
1 0.505018 0.347068 0.014263 0.032488
1 0.806260 0.254556 0.015055 0.046355
0 0.103539 0.602813 0.206550 0.794374
0 0.710512 0.575475 0.194400 0.832409
0 0.366482 0.540016 0.183571 0.919968
0 0.530903 0.630943 0.205494 0.738114
0 0.812071 0.550119 0.334654 0.899762