2 0.405287 0.249760 0.038812 0.125779
6 0.387957 0.238500 0.074429 0.147341
2 0.503753 0.252635 0.054943 0.106133
6 0.499441 0.238380 0.063568 0.135601
2 0.781265 0.336128 0.061172 0.140393
6 0.812650 0.313249 0.122984 0.185194
2 0.306341 0.366076 0.029069 0.184954
6 0.250519 0.337087 0.141032 0.241974
1 0.287574 0.376977 0.016770 0.055343
1 0.826785 0.361284 0.024437 0.039770
5 0.505351 0.361763 0.042805 0.055103
5 0.541447 0.402492 0.045680 0.066603
5 0.513656 0.412793 0.023000 0.051749
5 0.496726 0.416866 0.019166 0.025874
5 0.500080 0.512099 0.039930 0.094154
5 0.378614 0.797077 0.060853 0.110685
5 0.668823 0.678845 0.062131 0.060613
0 0.312730 0.604696 0.428366 0.790609
0 0.478837 0.468615 0.140553 0.671778
0 0.403610 0.511260 0.206037 0.693340
0 0.734068 0.561452 0.430602 0.686871