2 0.205697 0.361592 0.060270 0.141669
6 0.189355 0.336407 0.093853 0.194288
2 0.278111 0.392624 0.075262 0.137171
6 0.276987 0.364515 0.091304 0.195638
2 0.795202 0.708230 0.079760 0.085676
6 0.795052 0.669328 0.096552 0.158534
1 0.171889 0.341466 0.016642 0.049247
1 0.235982 0.358331 0.011694 0.044749
1 0.834783 0.675062 0.014993 0.043175
5 0.240030 0.663818 0.054573 0.076906
5 0.255172 0.640432 0.061469 0.056667
5 0.285007 0.686081 0.091754 0.066562
5 0.790630 0.898471 0.059820 0.052395
5 0.731709 0.866764 0.035832 0.060940
0 0.833808 0.760850 0.243328 0.443670
0 0.282534 0.634135 0.161469 0.731729
0 0.133658 0.615584 0.264618 0.756690