2 0.214368 0.387134 0.057126 0.051233
6 0.207011 0.372689 0.072995 0.085901
2 0.344922 0.365177 0.057415 0.046225
6 0.336267 0.351984 0.076457 0.072997
2 0.707732 0.364214 0.062897 0.051618
6 0.713070 0.351021 0.084535 0.079545
6 0.818379 0.384341 0.112233 0.099191
2 0.781160 0.393394 0.031448 0.066834
1 0.311454 0.366140 0.013560 0.021957
5 0.257790 0.481125 0.027409 0.026194
5 0.606463 0.497689 0.039238 0.017720
5 0.680467 0.461287 0.048759 0.026579
5 0.706434 0.493548 0.047028 0.019453
5 0.629256 0.460227 0.040969 0.018683
5 0.421956 0.473902 0.059723 0.022920
5 0.433353 0.458879 0.032314 0.017912
5 0.200231 0.488155 0.046163 0.018683
0 0.349971 0.479488 0.206001 0.355354
0 0.167340 0.523594 0.236007 0.383860
0 0.698932 0.395031 0.181477 0.168336