6 0.244787 0.379121 0.035318 0.067343
6 0.363235 0.367005 0.052038 0.091012
6 0.612812 0.356016 0.048845 0.092702
6 0.770618 0.420118 0.026301 0.053536
1 0.243660 0.373485 0.007890 0.014370
1 0.350930 0.371231 0.007890 0.020006
1 0.627466 0.361651 0.007890 0.020006
5 0.254931 0.540997 0.015781 0.032122
5 0.430490 0.417582 0.011084 0.040011
5 0.418749 0.498873 0.032688 0.045928
5 0.577870 0.430685 0.012399 0.043111
5 0.585948 0.503099 0.036821 0.040293
5 0.771276 0.532122 0.021229 0.016061
0 0.772779 0.475063 0.052414 0.162863
0 0.621454 0.589321 0.108961 0.561003
0 0.224591 0.459566 0.077588 0.227106
0 0.370844 0.591012 0.129626 0.540716