5 0.303498 0.675216 0.007560 0.017483
5 0.316504 0.673775 0.010764 0.019597
5 0.143965 0.683958 0.017043 0.024207
3 0.764031 0.756196 0.012942 0.028050
3 0.688237 0.768588 0.019221 0.015178
3 0.645502 0.770701 0.020118 0.032853
3 0.610841 0.757733 0.016402 0.027281
3 0.586110 0.712968 0.014608 0.019981
3 0.520182 0.692123 0.014223 0.020557
3 0.475461 0.700865 0.011661 0.014217
3 0.423693 0.750144 0.013455 0.017099
3 0.344503 0.702305 0.009098 0.016715
0 0.791902 0.701921 0.085853 0.139289
0 0.670810 0.711527 0.067658 0.156196
0 0.593542 0.706148 0.060738 0.142747
0 0.504997 0.653026 0.076371 0.118732
0 0.305356 0.639577 0.048949 0.094524
0 0.363916 0.665034 0.084572 0.123535
0 0.387686 0.675985 0.112122 0.133141
0 0.185546 0.642747 0.088416 0.156196