2 0.377333 0.206000 0.068667 0.188500
6 0.342750 0.165750 0.140500 0.271000
2 0.523583 0.325250 0.103500 0.198000
6 0.525167 0.277000 0.127667 0.269500
6 0.887833 0.780875 0.190000 0.340250
5 0.362583 0.735625 0.129833 0.084250
5 0.508667 0.687000 0.072333 0.083500
5 0.423583 0.945625 0.073833 0.108750
5 0.660083 0.955625 0.093833 0.088750
1 0.469750 0.287125 0.013167 0.059250
1 0.581583 0.301750 0.015833 0.063000
0 0.334167 0.513500 0.422333 0.967500
0 0.576250 0.570000 0.383833 0.860000
0 0.882000 0.800375 0.236000 0.391750