6 0.476486 0.682346 0.012403 0.023616
6 0.533204 0.379210 0.006977 0.012776
6 0.393669 0.329849 0.006460 0.012389
6 0.401421 0.298684 0.005426 0.009679
2 0.401809 0.299458 0.004134 0.008130
0 0.481395 0.730159 0.028941 0.119241
3 0.487468 0.722416 0.008010 0.015486
0 0.529199 0.403020 0.016021 0.064266
0 0.332817 0.506001 0.021189 0.072784
0 0.362016 0.489934 0.019638 0.047619
0 0.402196 0.319009 0.012661 0.049555
0 0.439922 0.280294 0.011628 0.029423
0 0.394057 0.333914 0.013953 0.021293
0 0.551680 0.346496 0.015504 0.063492
0 0.559044 0.393535 0.016279 0.078591