6 0.428658 0.712209 0.016715 0.027132
6 0.498910 0.699612 0.017200 0.027778
6 0.422844 0.652778 0.015262 0.027132
6 0.350896 0.628230 0.014777 0.029070
6 0.398498 0.565730 0.015019 0.026163
6 0.231589 0.632590 0.015988 0.033269
6 0.192951 0.522933 0.012839 0.022610
6 0.257510 0.511628 0.012112 0.021964
2 0.257510 0.515665 0.009690 0.013889
6 0.304990 0.565084 0.013566 0.024225
2 0.305717 0.569444 0.010659 0.015504
6 0.239947 0.375000 0.010417 0.014858
6 0.305596 0.317506 0.006541 0.011628
6 0.345446 0.457687 0.010174 0.017442
6 0.577883 0.250969 0.006541 0.011628
6 0.524467 0.198159 0.005329 0.010659
6 0.536458 0.113695 0.004603 0.007752
6 0.570373 0.145026 0.005572 0.009044
6 0.121609 0.351583 0.008721 0.015827
6 0.367006 0.070090 0.003876 0.006460
5 0.235828 0.699289 0.009448 0.012920
5 0.324734 0.564438 0.007510 0.010013
5 0.313469 0.593831 0.007267 0.009367
5 0.270470 0.573320 0.007025 0.014858
5 0.250000 0.499193 0.006783 0.011305
5 0.132873 0.382267 0.004603 0.008721
5 0.432292 0.759528 0.009448 0.013889
5 0.413639 0.618702 0.007025 0.015181
5 0.384084 0.583818 0.005572 0.011305
5 0.384327 0.661337 0.007994 0.014535
5 0.356105 0.672804 0.007752 0.013566
5 0.356226 0.497093 0.005087 0.008398
5 0.199007 0.563146 0.007510 0.010659
0 0.256420 0.561693 0.038517 0.135013
0 0.306323 0.597061 0.040940 0.097222
0 0.126575 0.373224 0.036095 0.059755
0 0.507752 0.737888 0.035853 0.108204
0 0.421512 0.737565 0.042636 0.079134
0 0.411701 0.702681 0.037548 0.130814
0 0.366037 0.659076 0.045543 0.091408
0 0.401647 0.594638 0.042151 0.084625
0 0.220446 0.691214 0.043120 0.151163
0 0.203004 0.554102 0.041182 0.090762
0 0.359981 0.483366 0.039244 0.070736
0 0.231953 0.401163 0.026405 0.071705
0 0.309593 0.335110 0.014050 0.046835
0 0.525436 0.220930 0.012597 0.059432
0 0.577762 0.281331 0.017442 0.070413
0 0.532825 0.118540 0.011870 0.016150
0 0.569646 0.164244 0.016231 0.046189
0 0.580305 0.037791 0.006056 0.010982
0 0.499394 0.104490 0.009932 0.030039
0 0.511386 0.072351 0.008721 0.030362
0 0.521923 0.050065 0.007510 0.018734
0 0.539608 0.028908 0.006056 0.022933
0 0.884084 0.027455 0.005087 0.010336
0 0.775073 0.014373 0.006056 0.020995
0 0.775678 0.031815 0.010174 0.015181
0 0.072674 0.083495 0.009690 0.024871
0 0.127180 0.070575 0.006783 0.017765