6 0.372380 0.600175 0.145958 0.149701
2 0.369106 0.635105 0.107597 0.079092
6 0.598147 0.614396 0.159618 0.145709
2 0.578967 0.652008 0.101422 0.071482
5 0.277975 0.773079 0.078031 0.052395
1 0.309412 0.612088 0.011789 0.019336
1 0.428050 0.620571 0.014409 0.017839
1 0.635479 0.628493 0.021707 0.031936
7 0.356942 0.793600 0.304079 0.289047
4 0.376310 0.565993 0.157186 0.082086
4 0.587388 0.584830 0.204716 0.087575
0 0.349832 0.761664 0.404379 0.476672
0 0.645116 0.770646 0.345621 0.458708
3 0.497380 0.806325 0.049027 0.056013
3 0.582990 0.788922 0.140906 0.078842