6 0.244019 0.566380 0.100586 0.174327
2 0.597595 0.232100 0.033813 0.032412
0 0.610168 0.311939 0.167114 0.330892
3 0.373535 0.455228 0.060791 0.041018
3 0.435608 0.369072 0.040161 0.030580
5 0.402283 0.759202 0.063843 0.082769
5 0.413940 0.582128 0.056396 0.069584
5 0.611084 0.680828 0.063232 0.082036
5 0.664795 0.531679 0.059326 0.051456
5 0.540955 0.301593 0.026733 0.036990
5 0.572144 0.294360 0.024414 0.033510
0 0.239868 0.719282 0.413818 0.517488
0 0.732666 0.604560 0.306152 0.488372
0 0.340088 0.376671 0.230469 0.335470