6 0.747730 0.347676 0.113017 0.086056
6 0.575177 0.375463 0.121594 0.117043
6 0.892659 0.397272 0.164228 0.140451
2 0.567987 0.386915 0.088547 0.086056
2 0.726160 0.351802 0.067861 0.069384
1 0.521317 0.372516 0.011857 0.029303
1 0.834889 0.424049 0.020434 0.057595
5 0.505424 0.529050 0.075933 0.044965
5 0.549571 0.537302 0.039102 0.049343
5 0.679995 0.536881 0.057265 0.031660
5 0.709006 0.664449 0.054238 0.054732
0 0.755676 0.616706 0.452825 0.621758
0 0.735873 0.426827 0.165489 0.256484
0 0.524975 0.552543 0.300706 0.491074