2 0.313448 0.332786 0.058645 0.136249
6 0.294321 0.308140 0.103640 0.187563
2 0.560752 0.598205 0.064206 0.091759
6 0.556454 0.571411 0.073475 0.144338
2 0.879676 0.526036 0.055612 0.081901
6 0.881867 0.503792 0.075160 0.131446
5 0.383805 0.551820 0.065891 0.078868
5 0.381025 0.529449 0.060667 0.060415
5 0.571621 0.763271 0.050893 0.050303
5 0.597236 0.745703 0.042467 0.051567
5 0.842686 0.707154 0.043310 0.046259
1 0.275110 0.317998 0.018032 0.044489
1 0.546680 0.555485 0.019885 0.035137
1 0.853303 0.492796 0.009943 0.032609
0 0.310920 0.606673 0.230199 0.786653
0 0.854904 0.585693 0.188406 0.293731
0 0.515335 0.747851 0.225480 0.500758