6 0.513117 0.276042 0.094136 0.184606
6 0.221258 0.229890 0.110725 0.207465
5 0.465856 0.725550 0.050926 0.131076
5 0.164931 0.740596 0.057099 0.085938
2 0.514757 0.286603 0.074653 0.133391
2 0.221547 0.244358 0.087770 0.174479
1 0.175058 0.238426 0.014853 0.056713
1 0.268519 0.242911 0.014275 0.054688
1 0.475405 0.294994 0.012539 0.044850
1 0.555170 0.284433 0.009259 0.043403
5 0.320698 0.955729 0.052276 0.088542
0 0.551312 0.590712 0.269290 0.813947
5 0.689140 0.569734 0.060764 0.090856
0 0.218943 0.554543 0.279321 0.879340
0 0.424093 0.348090 0.102045 0.296875
6 0.420139 0.262876 0.053627 0.099826