2 0.545751 0.320226 0.075102 0.048081
6 0.556467 0.301528 0.097279 0.086222
2 0.136601 0.508510 0.055162 0.073301
6 0.108554 0.507765 0.111629 0.076283
2 0.700056 0.492980 0.047894 0.064107
6 0.720089 0.480184 0.088707 0.091191
1 0.100261 0.518698 0.018263 0.016897
1 0.729501 0.500932 0.014350 0.017145
5 0.329668 0.547397 0.055162 0.033545
5 0.295658 0.598584 0.051994 0.018636
5 0.370854 0.470680 0.062244 0.034911
5 0.556373 0.472543 0.064666 0.027705
5 0.568859 0.607156 0.035967 0.026090
5 0.588986 0.593117 0.043794 0.024351
0 0.523761 0.396385 0.369549 0.294819
0 0.205367 0.654305 0.351100 0.369611
0 0.669959 0.581563 0.280283 0.314325