5 0.360120 0.848578 0.079078 0.086600
5 0.375576 0.827440 0.102477 0.052011
5 0.410845 0.776966 0.056533 0.055598
5 0.444577 0.761081 0.041332 0.049449
5 0.634586 0.789008 0.074979 0.052011
5 0.635354 0.639764 0.057728 0.060979
5 0.641076 0.833205 0.052092 0.064053
6 0.163194 0.444914 0.133732 0.220600
2 0.210162 0.473610 0.041161 0.164233
1 0.180188 0.478991 0.020154 0.067384
1 0.246029 0.530105 0.019300 0.043044
6 0.274381 0.513195 0.086251 0.159877
2 0.285568 0.529208 0.062169 0.126826
6 0.562340 0.322060 0.081469 0.147066
2 0.565927 0.326416 0.073612 0.137330
1 0.530743 0.348322 0.018958 0.035101
6 0.880359 0.493082 0.128950 0.204202
2 0.840222 0.510889 0.048335 0.167051
1 0.870880 0.521778 0.018787 0.055598
0 0.798377 0.695363 0.403245 0.609275
0 0.199146 0.654753 0.398292 0.639252
0 0.325448 0.617730 0.280273 0.374584
0 0.577284 0.517166 0.245260 0.537791