6 0.111763 0.469750 0.160589 0.113167
2 0.165584 0.478500 0.053447 0.086000
6 0.176449 0.289833 0.173077 0.122333
2 0.196803 0.329250 0.094905 0.044167
6 0.362887 0.227417 0.124376 0.113167
2 0.366758 0.254917 0.094655 0.058833
6 0.390734 0.616667 0.159091 0.136667
6 0.808816 0.560167 0.173077 0.108667
2 0.756868 0.553833 0.069181 0.094333
6 0.916459 0.469083 0.161588 0.131167
6 0.841908 0.282833 0.151349 0.107333
2 0.813561 0.297667 0.094655 0.077667
6 0.630869 0.201917 0.149850 0.132500
2 0.623252 0.238417 0.091658 0.062500
5 0.177448 0.898833 0.046703 0.047667
5 0.179321 0.758833 0.063936 0.047667
5 0.692807 0.863833 0.064935 0.038000
5 0.502872 0.480083 0.096154 0.061500
1 0.129995 0.508250 0.023726 0.020500
1 0.142982 0.327417 0.018731 0.018167
1 0.306319 0.230500 0.011239 0.023333
1 0.317557 0.643917 0.013736 0.020833
1 0.461164 0.651333 0.015235 0.023000
1 0.780220 0.598833 0.027972 0.020000
1 0.877622 0.310833 0.029471 0.021667
0 0.348277 0.365333 0.285964 0.389667
0 0.760864 0.591750 0.478272 0.375167
0 0.606893 0.342500 0.262238 0.415667
0 0.234016 0.658417 0.467532 0.490833
0 0.696678 0.708833 0.485265 0.522000
0 0.231768 0.359250 0.463037 0.258167
0 0.371254 0.748500 0.429321 0.503000
0 0.761988 0.409083 0.432068 0.425500