6 0.216315 0.272518 0.087662 0.171262
6 0.406453 0.321691 0.085633 0.175245
6 0.599127 0.334865 0.086242 0.185662
6 0.754972 0.254596 0.073661 0.132966
5 0.157468 0.800858 0.043019 0.082108
5 0.285511 0.795650 0.045455 0.083333
5 0.397930 0.750153 0.054383 0.084252
5 0.415381 0.802083 0.049919 0.093137
5 0.527597 0.823376 0.041802 0.090380
5 0.673701 0.809743 0.040990 0.075368
5 0.699878 0.762102 0.017857 0.066483
5 0.854200 0.740043 0.033076 0.103248
2 0.215909 0.304994 0.062906 0.105086
2 0.407975 0.367800 0.056209 0.083640
2 0.598925 0.376685 0.060674 0.098346
2 0.754870 0.273284 0.058847 0.095588
1 0.787135 0.266238 0.010552 0.032475
1 0.723214 0.264706 0.010552 0.034314
1 0.561891 0.367034 0.011769 0.038603
1 0.629769 0.370251 0.011972 0.038297
1 0.437399 0.346967 0.006291 0.032169
1 0.378247 0.353860 0.009740 0.030637
1 0.184963 0.298254 0.008726 0.036458
1 0.248681 0.299020 0.010755 0.036152
0 0.222808 0.593137 0.211851 0.813725
0 0.413251 0.616422 0.188515 0.767157
0 0.599635 0.621170 0.219156 0.757659
0 0.774452 0.594210 0.205154 0.811581
4 0.215402 0.233762 0.086648 0.096814
4 0.406453 0.281556 0.085227 0.093750
4 0.598011 0.285999 0.086851 0.090380