6 0.232937 0.307394 0.194933 0.321613
6 0.441917 0.390641 0.119269 0.194416
6 0.620217 0.438599 0.216305 0.239659
6 0.823940 0.404602 0.161841 0.217684
2 0.798173 0.455533 0.076870 0.118925
5 0.855739 0.478154 0.067908 0.137797
4 0.245088 0.326267 0.222682 0.358842
4 0.443985 0.388961 0.132368 0.203464
4 0.622027 0.432394 0.218890 0.227249
4 0.803344 0.402534 0.199242 0.218718
0 0.267063 0.573552 0.533781 0.852896
0 0.455963 0.641805 0.212168 0.716391
0 0.722423 0.659902 0.443812 0.680196
0 0.852551 0.644907 0.294898 0.710186