6 0.805783 0.565681 0.031088 0.056405
6 0.661457 0.554776 0.041618 0.068689
6 0.491559 0.609426 0.022063 0.039108
6 0.494234 0.584984 0.024737 0.038355
6 0.546632 0.603911 0.018887 0.028077
6 0.273609 0.587616 0.028748 0.046127
6 0.124185 0.651792 0.013371 0.024568
6 0.096691 0.643896 0.012201 0.015793
6 0.076634 0.645651 0.013204 0.026824
6 0.054488 0.654801 0.012703 0.023063
2 0.497994 0.620331 0.009193 0.027325
2 0.498914 0.590248 0.011366 0.016295
2 0.672990 0.567811 0.015210 0.048132
2 0.075965 0.647029 0.010196 0.022562
2 0.123266 0.653046 0.010864 0.021559
1 0.667558 0.554149 0.006017 0.022813
1 0.795337 0.568940 0.005181 0.018300
1 0.496574 0.614314 0.005683 0.014791
1 0.487130 0.586488 0.005850 0.014791
5 0.727812 0.633993 0.023232 0.025570
5 0.515795 0.689647 0.016045 0.019554
5 0.219957 0.727125 0.010363 0.023815
5 0.125606 0.665204 0.007521 0.011782
5 0.117583 0.666834 0.008524 0.008523
0 0.491476 0.738782 0.073375 0.302331
0 0.489972 0.712459 0.077052 0.289296
0 0.548471 0.625721 0.035935 0.068689
0 0.679425 0.756831 0.125021 0.471797
0 0.816814 0.627476 0.081230 0.172976
0 0.071285 0.657558 0.023901 0.045625
0 0.119840 0.664954 0.034097 0.054400
6 0.240013 0.574204 0.006017 0.011782
6 0.225974 0.573828 0.008357 0.013537
2 0.224720 0.572575 0.004847 0.010529
2 0.239261 0.573327 0.004847 0.008523
0 0.224302 0.572700 0.008691 0.017799
0 0.240849 0.574079 0.010697 0.020557
0 0.259652 0.725495 0.082734 0.338932