6 0.331050 0.335021 0.005360 0.009529
6 0.369267 0.250298 0.006353 0.011614
6 0.400437 0.246873 0.005162 0.010721
6 0.438257 0.304348 0.004963 0.010721
6 0.442724 0.319684 0.005559 0.010423
6 0.441930 0.330107 0.005162 0.009232
6 0.152670 0.296605 0.005162 0.008934
6 0.102640 0.269208 0.006750 0.010721
0 0.443518 0.344104 0.010324 0.034247
0 0.442426 0.322960 0.010522 0.019357
0 0.436966 0.321918 0.007941 0.045265
0 0.152571 0.307326 0.006154 0.032758
0 0.100953 0.272186 0.010125 0.016081
0 0.370856 0.277844 0.013897 0.064920
0 0.397955 0.271590 0.018463 0.060155
5 0.369565 0.281418 0.002978 0.006552
5 0.400238 0.261316 0.004368 0.004467
5 0.396863 0.259976 0.002779 0.005360
0 0.282112 0.328618 0.017868 0.037820
0 0.331447 0.343061 0.007346 0.026206
0 0.337999 0.309261 0.016875 0.020548
0 0.303256 0.309113 0.022434 0.036331