6 0.182425 0.382479 0.262821 0.279202
2 0.231036 0.449875 0.165064 0.143340
6 0.418002 0.214476 0.201389 0.216702
2 0.427350 0.261485 0.172009 0.121617
6 0.722890 0.337696 0.212340 0.200321
2 0.712206 0.373932 0.164263 0.126425
1 0.133413 0.396813 0.043002 0.047543
1 0.329861 0.228365 0.024038 0.046118
1 0.808761 0.350962 0.032585 0.050570
5 0.564770 0.576033 0.082532 0.057336
5 0.565304 0.626335 0.176549 0.073896
5 0.656651 0.716969 0.090011 0.081019
0 0.753873 0.501603 0.492254 0.525285
0 0.228499 0.620816 0.456998 0.755164
0 0.434295 0.454505 0.435897 0.695691