6 0.128080 0.487038 0.162731 0.304671
6 0.548255 0.715092 0.155031 0.268480
6 0.889203 0.598049 0.203457 0.307495
1 0.155886 0.518224 0.018138 0.068275
1 0.833932 0.646689 0.022758 0.062885
5 0.715007 0.645919 0.078884 0.138347
5 0.244867 0.614605 0.044148 0.186602
5 0.532769 0.545431 0.072382 0.089836
0 0.835044 0.719071 0.329911 0.561858
0 0.570500 0.751668 0.208761 0.496663
0 0.333504 0.753208 0.406913 0.493583
0 0.128337 0.664656 0.244011 0.670688
0 0.514802 0.472023 0.107632 0.301848
6 0.509582 0.390914 0.072895 0.135010
5 0.491444 0.587911 0.054757 0.073152