6 0.197958 0.216660 0.090139 0.176317
2 0.214641 0.241502 0.047809 0.128129
6 0.391932 0.477400 0.078685 0.168099
2 0.402888 0.506350 0.056275 0.108704
6 0.632968 0.466567 0.076195 0.153904
2 0.619024 0.488607 0.045817 0.107583
1 0.187625 0.220583 0.014691 0.045200
1 0.368277 0.494023 0.014940 0.030258
5 0.227341 0.601980 0.054283 0.066119
5 0.378984 0.712178 0.050299 0.040717
5 0.428411 0.710870 0.043576 0.041838
5 0.552291 0.661561 0.054781 0.072469
0 0.607072 0.694808 0.243028 0.610385
0 0.145045 0.564064 0.220369 0.871871
0 0.376121 0.696115 0.249253 0.607770
3 0.217754 0.604595 0.071464 0.075831
3 0.218625 0.559208 0.056773 0.032126