6 0.341950 0.850212 0.048611 0.037616
6 0.369599 0.736497 0.047325 0.033565
2 0.384645 0.731867 0.016204 0.025463
6 0.471451 0.601562 0.041667 0.039545
6 0.735082 0.879823 0.047840 0.049383
2 0.721708 0.867284 0.020062 0.026620
6 0.640561 0.730228 0.034208 0.043017
2 0.637731 0.743441 0.023405 0.017361
5 0.414480 0.839988 0.021862 0.015625
5 0.389403 0.849248 0.017490 0.021798
5 0.373328 0.779996 0.019805 0.027971
5 0.401492 0.739101 0.014918 0.028356
5 0.670396 0.879051 0.028549 0.030864
5 0.635031 0.877701 0.034465 0.019676
5 0.608153 0.741416 0.017747 0.016011
5 0.630658 0.755015 0.020062 0.023534
5 0.426955 0.668306 0.033436 0.021412
5 0.522762 0.632909 0.014146 0.018519
1 0.376157 0.747203 0.005916 0.006752
1 0.489969 0.595390 0.004115 0.006752
0 0.359053 0.755305 0.100309 0.095100
0 0.642490 0.740451 0.086934 0.080826
0 0.475952 0.626447 0.130916 0.105131
0 0.696888 0.887442 0.157150 0.086227
0 0.361626 0.866319 0.125514 0.089506