6 0.159272 0.172897 0.104187 0.180561
2 0.182702 0.184860 0.057328 0.156636
6 0.444167 0.625794 0.164008 0.296822
6 0.568295 0.158879 0.080758 0.148037
2 0.580010 0.179065 0.058325 0.106916
6 0.671735 0.364673 0.053340 0.095327
2 0.671112 0.369720 0.040130 0.085234
1 0.151670 0.179813 0.022183 0.053084
1 0.544242 0.177009 0.018195 0.038505
1 0.502119 0.702056 0.031655 0.078505
5 0.236790 0.377383 0.034397 0.048224
5 0.231057 0.440000 0.063310 0.084486
5 0.634472 0.437009 0.036142 0.102430
5 0.616525 0.433271 0.045613 0.086729
0 0.164133 0.464299 0.214108 0.762617
0 0.563559 0.452897 0.180957 0.739813
0 0.681954 0.571028 0.116152 0.510280
0 0.392697 0.738879 0.391575 0.522243