6 0.447704 0.271494 0.089693 0.165792
6 0.552600 0.266021 0.092733 0.164880
2 0.548799 0.279932 0.069018 0.137058
2 0.447096 0.281186 0.060809 0.119954
1 0.590377 0.262144 0.011098 0.052680
1 0.413272 0.283580 0.013530 0.038997
1 0.484114 0.274230 0.010185 0.043101
5 0.655138 0.820981 0.043934 0.101710
5 0.439571 0.857355 0.043326 0.089624
5 0.332016 0.575599 0.028276 0.046066
0 0.584144 0.581528 0.336120 0.836944
0 0.363256 0.580502 0.263758 0.800684
2 0.561569 0.670468 0.041654 0.084379
2 0.359380 0.480502 0.031317 0.076625
2 0.392292 0.398746 0.023259 0.048575