6 0.336667 0.261478 0.160741 0.273351
2 0.379815 0.313984 0.045926 0.169921
2 0.658241 0.330079 0.052778 0.090237
6 0.656019 0.317414 0.060185 0.118206
2 0.837130 0.248417 0.049815 0.095778
6 0.840370 0.232190 0.067778 0.126649
2 0.919815 0.220976 0.060370 0.102639
6 0.928241 0.199736 0.079444 0.145646
6 0.756852 0.207916 0.040741 0.064380
1 0.355833 0.293140 0.020185 0.056992
1 0.956111 0.209103 0.014444 0.036148
1 0.867130 0.254881 0.012407 0.024274
3 0.164630 0.941029 0.072593 0.108971
5 0.630093 0.428760 0.067222 0.039050
5 0.663704 0.478628 0.064444 0.050132
0 0.266204 0.562533 0.321667 0.874934
0 0.925833 0.361741 0.148333 0.467546
0 0.823889 0.369261 0.150000 0.402902
0 0.638704 0.408839 0.189630 0.296834
0 0.441944 0.343668 0.116852 0.369129