2 0.414852 0.246734 0.140300 0.079987
2 0.036164 0.251250 0.071843 0.083857
6 0.423319 0.226738 0.169811 0.156104
6 0.039066 0.234398 0.077649 0.151105
6 0.859821 0.390018 0.280358 0.511692
1 0.493711 0.226093 0.025157 0.036446
1 0.073778 0.233995 0.020319 0.028060
5 0.251330 0.579261 0.142235 0.113853
5 0.514635 0.700693 0.134736 0.088373
5 0.408079 0.313740 0.129173 0.090792
5 0.147436 0.490889 0.104741 0.060635
0 0.136067 0.330269 0.271650 0.348653
0 0.455249 0.316804 0.358974 0.353330
0 0.678278 0.602725 0.643445 0.794549