6 0.452422 0.172899 0.059018 0.128521
6 0.493057 0.120710 0.042449 0.094201
6 0.605728 0.201893 0.062648 0.121183
6 0.692757 0.126391 0.066593 0.115030
6 0.304324 0.161538 0.064226 0.129467
1 0.718321 0.131243 0.007259 0.039527
1 0.666877 0.140828 0.008521 0.036450
1 0.630188 0.203787 0.007732 0.033136
1 0.513098 0.127692 0.005839 0.024379
1 0.430488 0.182367 0.008837 0.031006
1 0.331782 0.178935 0.008679 0.034083
1 0.277655 0.184142 0.009942 0.034556
2 0.602493 0.217751 0.052391 0.080000
2 0.691652 0.143905 0.045447 0.069112
2 0.492583 0.126864 0.035506 0.068639
2 0.458261 0.198580 0.041029 0.064852
2 0.304718 0.186154 0.052075 0.082130
5 0.279864 0.583195 0.035506 0.051598
5 0.540319 0.544142 0.024617 0.065325
5 0.729288 0.519172 0.039609 0.080710
3 0.398059 0.553254 0.032665 0.074083
3 0.514597 0.536686 0.016727 0.048047
0 0.517753 0.420828 0.101941 0.728047
0 0.319473 0.492189 0.182263 0.800710
0 0.703724 0.466154 0.154805 0.804497
0 0.608884 0.526036 0.166483 0.769467