6 0.366739 0.639009 0.020833 0.038075
6 0.415230 0.394037 0.017720 0.035201
6 0.469468 0.126437 0.019397 0.034483
6 0.712524 0.640625 0.025144 0.039871
6 0.720426 0.366379 0.022270 0.045259
2 0.719349 0.378233 0.015805 0.018678
6 0.750479 0.060165 0.020594 0.042744
5 0.749401 0.176365 0.009818 0.023707
3 0.407208 0.651940 0.012692 0.025144
3 0.386255 0.639368 0.014368 0.018678
3 0.449593 0.434088 0.011255 0.017601
3 0.434028 0.414152 0.014128 0.012213
3 0.485752 0.146013 0.013170 0.012572
3 0.506466 0.202047 0.012452 0.019756
1 0.370330 0.646193 0.002634 0.007902
1 0.419301 0.402658 0.003352 0.007902
1 0.473180 0.131645 0.002874 0.010417
1 0.727011 0.373563 0.003831 0.010057
1 0.746887 0.068427 0.003831 0.010417
4 0.366619 0.633261 0.024904 0.025144
4 0.470187 0.121767 0.024665 0.028017
4 0.712284 0.640805 0.023707 0.039511
4 0.415589 0.392601 0.025623 0.031609
4 0.720785 0.359555 0.024425 0.029454
4 0.751916 0.053341 0.022510 0.029813
7 0.418582 0.459411 0.039272 0.098420
7 0.467912 0.172234 0.035920 0.069325
7 0.765924 0.096264 0.044780 0.078305
7 0.735153 0.411638 0.038314 0.080460
7 0.716355 0.708333 0.053400 0.114224
7 0.365062 0.700072 0.040469 0.096264
0 0.700790 0.752694 0.086446 0.275503
0 0.725814 0.459950 0.058908 0.238147
0 0.767840 0.149964 0.061063 0.240302
0 0.477850 0.212644 0.071121 0.224138
0 0.424090 0.477011 0.064655 0.206897
0 0.380148 0.738506 0.072079 0.243534