6 0.358377 0.419555 0.036439 0.054663
6 0.389181 0.518879 0.019910 0.044238
6 0.115139 0.513384 0.013899 0.027613
2 0.368520 0.421950 0.015778 0.044238
2 0.392468 0.528600 0.011833 0.024796
2 0.115139 0.519160 0.010143 0.014370
1 0.360255 0.427022 0.007513 0.011553
1 0.391623 0.524091 0.004884 0.012398
5 0.415289 0.373626 0.015026 0.029304
5 0.337622 0.584813 0.013711 0.027332
5 0.403550 0.466892 0.010706 0.021414
5 0.387866 0.637081 0.013899 0.024232
5 0.113918 0.595661 0.009204 0.016343
5 0.113824 0.527613 0.009391 0.017188
0 0.374343 0.550719 0.095041 0.384615