6 0.531168 0.334546 0.064950 0.127100
2 0.532102 0.346025 0.051138 0.099664
6 0.297686 0.366181 0.080254 0.126540
6 0.243934 0.441769 0.119821 0.169093
6 0.127100 0.512038 0.134005 0.225644
6 0.882605 0.514558 0.139978 0.250840
6 0.794886 0.409295 0.093692 0.163494
6 0.730123 0.359462 0.088839 0.156775
2 0.706047 0.381299 0.033221 0.108623
2 0.324375 0.370101 0.025383 0.108623
5 0.346585 0.800112 0.081747 0.132139
5 0.359276 0.795073 0.063830 0.104143
5 0.374580 0.651456 0.052632 0.064390
5 0.349571 0.629899 0.029489 0.042553
5 0.424412 0.560190 0.061217 0.054311
5 0.436543 0.520157 0.049645 0.041433
5 0.511945 0.484882 0.042926 0.030235
5 0.640538 0.540594 0.047779 0.043113
5 0.628966 0.576148 0.055991 0.044793
5 0.675065 0.634099 0.048152 0.068869
5 0.666853 0.610582 0.054871 0.076708
5 0.810750 0.590985 0.079134 0.096865
5 0.817656 0.805991 0.049645 0.058791
1 0.505226 0.346025 0.010825 0.031355
1 0.559910 0.344345 0.010452 0.029115
1 0.722098 0.387738 0.011571 0.030795
1 0.851437 0.554871 0.023143 0.060470
1 0.150803 0.559910 0.020157 0.060470
1 0.311124 0.389978 0.014558 0.037514
0 0.517730 0.387458 0.190370 0.235162
0 0.696529 0.441209 0.190370 0.319149
0 0.361515 0.445409 0.199701 0.291713
0 0.195222 0.700168 0.389698 0.596305
0 0.279022 0.550952 0.239268 0.388578
0 0.885778 0.692609 0.228443 0.614782
0 0.810190 0.494681 0.123554 0.330907