5 0.610550 0.692132 0.054163 0.051469
5 0.650263 0.735516 0.094786 0.053624
5 0.507175 0.610617 0.051132 0.039881
5 0.492926 0.642280 0.071140 0.039612
5 0.477769 0.507949 0.044058 0.049582
6 0.524050 0.263002 0.078416 0.144435
2 0.521322 0.287793 0.066492 0.098087
6 0.577203 0.392482 0.094988 0.159256
2 0.562146 0.426839 0.061237 0.091081
6 0.631366 0.246295 0.105497 0.174616
2 0.627829 0.295203 0.063258 0.074643
6 0.715946 0.363649 0.108529 0.199677
2 0.697150 0.408919 0.059216 0.108057
1 0.558104 0.262328 0.009499 0.032606
1 0.655618 0.259364 0.019402 0.037456
1 0.715845 0.389652 0.021019 0.040420
0 0.568816 0.360819 0.228577 0.344382
0 0.698161 0.277553 0.260509 0.238211
0 0.746665 0.605901 0.324373 0.684182
0 0.582458 0.491108 0.249798 0.362436