6 0.191429 0.479030 0.017361 0.042489
6 0.261239 0.476425 0.019554 0.039474
6 0.375183 0.460389 0.018275 0.038651
2 0.372898 0.467928 0.012975 0.020833
6 0.474507 0.488350 0.022844 0.046327
2 0.471857 0.500274 0.011696 0.019737
3 0.205683 0.548520 0.014437 0.021382
3 0.277412 0.526453 0.013523 0.013432
3 0.279331 0.545230 0.012975 0.007675
3 0.384412 0.529742 0.010782 0.020559
3 0.455775 0.543311 0.010599 0.009868
3 0.514985 0.570175 0.009503 0.014803
4 0.473227 0.480948 0.028326 0.034814
0 0.486568 0.520422 0.072917 0.113761
0 0.354624 0.493558 0.071820 0.105537
0 0.172149 0.513432 0.081506 0.109649
0 0.257493 0.510965 0.063962 0.095943