2 0.456833 0.342250 0.064333 0.132500
6 0.451333 0.333750 0.078000 0.153500
2 0.850500 0.322875 0.077000 0.165250
6 0.861667 0.305250 0.099667 0.198500
2 0.942417 0.337750 0.099167 0.225500
6 0.947167 0.275500 0.105667 0.336500
6 0.196083 0.237500 0.169500 0.259000
1 0.420833 0.343250 0.013000 0.037000
1 0.898333 0.311875 0.017333 0.043750
1 0.223917 0.272875 0.032500 0.072250
5 0.366667 0.509500 0.066667 0.088000
5 0.619083 0.467375 0.081167 0.089750
5 0.436583 0.845375 0.084833 0.096250
5 0.434417 0.839625 0.083500 0.092250
5 0.827917 0.694375 0.068833 0.101750
5 0.803833 0.712125 0.041000 0.081250
5 0.763500 0.836500 0.053000 0.077000
0 0.496000 0.627625 0.326667 0.744750
0 0.311167 0.510625 0.549333 0.973250
0 0.793583 0.550000 0.412833 0.900000
0 0.755500 0.601750 0.336000 0.796500