2 0.407714 0.455208 0.083429 0.158594
2 0.593857 0.216459 0.066571 0.111444
2 0.704000 0.116802 0.074286 0.129876
2 0.752143 0.411059 0.099143 0.172310
1 0.455571 0.453279 0.013429 0.041577
1 0.805429 0.400772 0.017714 0.054865
1 0.631429 0.196957 0.012571 0.041577
6 0.413857 0.446635 0.099714 0.175739
6 0.594143 0.190313 0.074571 0.161166
6 0.710571 0.092370 0.120000 0.180454
6 0.760571 0.375268 0.142286 0.250750
5 0.349286 0.553365 0.060286 0.066867
5 0.374429 0.548864 0.058571 0.087870
5 0.566286 0.719460 0.064000 0.075011
5 0.584714 0.287184 0.038571 0.060009
5 0.550429 0.407201 0.019714 0.062580
5 0.714571 0.863480 0.082857 0.039006
0 0.411429 0.543506 0.254286 0.362623
0 0.595286 0.469781 0.190000 0.708101
0 0.746000 0.181740 0.181714 0.363480
0 0.740857 0.616588 0.398286 0.766824