5 0.259827 0.579839 0.016724 0.026186
5 0.491821 0.682476 0.012939 0.029299
5 0.405701 0.599432 0.013062 0.022890
5 0.525391 0.567387 0.016113 0.021791
5 0.537964 0.584691 0.015625 0.023805
2 0.552856 0.484618 0.016602 0.023988
2 0.554626 0.281542 0.009155 0.015931
6 0.603088 0.282000 0.012817 0.021242
2 0.603210 0.286852 0.008179 0.012269
2 0.306335 0.500092 0.019653 0.013917
2 0.857422 0.370170 0.018066 0.027651
6 0.460571 0.438473 0.025146 0.039736
6 0.552734 0.470427 0.027588 0.052371
6 0.305115 0.485442 0.027954 0.045047
6 0.858582 0.363212 0.024536 0.041567
6 0.551575 0.270646 0.019165 0.038454
0 0.870972 0.416041 0.081055 0.155283
0 0.593262 0.295642 0.032227 0.049625
0 0.536316 0.370720 0.056519 0.240432
0 0.563782 0.527651 0.093140 0.176341
0 0.461975 0.487548 0.089233 0.158762
1 0.556458 0.473631 0.005005 0.009339
1 0.866272 0.359733 0.003784 0.009339
1 0.601135 0.281084 0.002075 0.005493
3 0.156494 0.692456 0.084717 0.042300
3 0.154602 0.625710 0.023560 0.025636
3 0.423096 0.556858 0.011230 0.021608
0 0.140503 0.653635 0.116943 0.275957
0 0.311768 0.561527 0.130859 0.235305
0 0.342957 0.711042 0.111450 0.272844
0 0.455261 0.600256 0.111450 0.198865