2 0.360583 0.193750 0.066833 0.106000
2 0.710750 0.464750 0.056167 0.126500
2 0.955333 0.577875 0.053000 0.211750
6 0.962917 0.563625 0.074167 0.258250
6 0.749167 0.446750 0.129333 0.175500
6 0.356417 0.142750 0.092167 0.198500
1 0.745667 0.493750 0.022000 0.042000
1 0.322583 0.154625 0.012167 0.035250
1 0.988417 0.548375 0.023167 0.076250
5 0.344833 0.507875 0.054000 0.065750
5 0.409583 0.497500 0.055833 0.062000
5 0.555417 0.772000 0.087167 0.062000
5 0.623250 0.791500 0.070167 0.042500
5 0.015000 0.551125 0.029667 0.065250
5 0.830750 0.918875 0.098500 0.104250
0 0.681583 0.596250 0.346500 0.505500
0 0.362583 0.397875 0.244833 0.713750
0 0.892000 0.717000 0.216000 0.566000