6 0.358745 0.407795 0.058150 0.106113
2 0.354396 0.428400 0.042582 0.061470
6 0.573375 0.434066 0.037317 0.078297
2 0.572344 0.447459 0.029762 0.048764
6 0.796703 0.524382 0.030220 0.054945
2 0.796360 0.533826 0.021749 0.033997
1 0.588828 0.433894 0.003205 0.018201
3 0.531708 0.637878 0.024038 0.043613
3 0.624771 0.637706 0.018773 0.044643
3 0.751717 0.654361 0.016712 0.027816
3 0.811470 0.674622 0.011676 0.030563
3 0.252404 0.628434 0.032280 0.066621
3 0.400412 0.633929 0.022436 0.062500
0 0.777473 0.651271 0.091117 0.318338
0 0.579098 0.636676 0.115614 0.489011
0 0.323260 0.657624 0.182234 0.608516