6 0.383125 0.679500 0.059750 0.062000
6 0.482125 0.743250 0.072250 0.057833
6 0.225750 0.681500 0.064500 0.052333
2 0.231375 0.697667 0.052250 0.019333
2 0.379875 0.695833 0.046750 0.029333
2 0.466875 0.749167 0.042250 0.045667
1 0.200750 0.689500 0.011000 0.014000
1 0.491625 0.756583 0.010750 0.013833
3 0.203625 0.801833 0.043250 0.036000
3 0.292875 0.747167 0.013750 0.028000
3 0.316125 0.784750 0.029750 0.027500
3 0.357750 0.795667 0.054500 0.026000
3 0.434625 0.841083 0.046750 0.027833
3 0.425125 0.813750 0.035250 0.034167
0 0.215250 0.769250 0.185000 0.241167
0 0.494125 0.853750 0.171250 0.285167
0 0.377125 0.769167 0.168250 0.244000