2 0.397785 0.327991 0.112591 0.129617
2 0.552114 0.552497 0.069072 0.142857
2 0.728667 0.574564 0.099117 0.160976
1 0.381834 0.259233 0.037943 0.052497
1 0.590987 0.544251 0.017346 0.038560
1 0.519823 0.499187 0.004801 0.014866
1 0.774508 0.566783 0.026328 0.055749
6 0.557534 0.520209 0.087347 0.208362
6 0.750348 0.521951 0.147437 0.268990
6 0.422332 0.240534 0.201642 0.312892
5 0.516261 0.832056 0.108564 0.084088
5 0.515177 0.757375 0.046306 0.064344
5 0.648289 0.929268 0.067214 0.123345
5 0.751975 0.868409 0.034226 0.051336
5 0.413195 0.843438 0.097569 0.091986
5 0.403670 0.710569 0.064581 0.065505
0 0.564504 0.642741 0.205978 0.464576
0 0.807109 0.691521 0.385783 0.608595
0 0.257008 0.539024 0.513706 0.921951