2 0.801963 0.246588 0.047101 0.065561
2 0.922391 0.466149 0.060303 0.100615
2 0.388760 0.474980 0.036753 0.084560
6 0.943087 0.449826 0.101695 0.128445
6 0.807583 0.233342 0.074755 0.113995
6 0.363604 0.438988 0.087779 0.162430
6 0.119358 0.611587 0.238715 0.313888
1 0.952453 0.470431 0.021588 0.034252
1 0.366369 0.464945 0.014451 0.040407
5 0.779750 0.557399 0.084032 0.089912
5 0.731222 0.509098 0.064764 0.084827
5 0.826048 0.397913 0.033898 0.058336
5 0.744335 0.402060 0.027119 0.052181
5 0.432471 0.720632 0.031401 0.058336
0 0.349509 0.558603 0.195897 0.399518
0 0.847904 0.567701 0.304193 0.390955
0 0.810705 0.438320 0.168421 0.506824
0 0.138448 0.708322 0.276896 0.570511