2 0.384569 0.358716 0.031829 0.058286
6 0.376813 0.346898 0.048550 0.083535
2 0.127015 0.406661 0.047744 0.105291
6 0.105359 0.394843 0.090653 0.128928
2 0.589343 0.325544 0.031225 0.065001
6 0.597804 0.317889 0.047744 0.083535
2 0.821817 0.446817 0.038074 0.077088
6 0.841459 0.432581 0.079774 0.105560
1 0.364827 0.349584 0.008461 0.020145
1 0.609085 0.320038 0.007454 0.020682
1 0.845588 0.448294 0.009065 0.030083
5 0.476430 0.477706 0.028606 0.036261
5 0.473207 0.475826 0.029412 0.038947
5 0.664988 0.579774 0.028606 0.044856
5 0.711624 0.600457 0.027599 0.038947
5 0.764807 0.625571 0.043312 0.042439
5 0.192687 0.645984 0.042909 0.042976
0 0.580077 0.441176 0.231467 0.334945
0 0.406829 0.450175 0.166600 0.291700
0 0.809226 0.513430 0.221998 0.266183