6 0.235874 0.453999 0.089445 0.077416
6 0.409954 0.433884 0.082712 0.086232
6 0.626593 0.439253 0.086559 0.071646
6 0.735153 0.470508 0.108440 0.084148
5 0.234672 0.566838 0.071652 0.032858
5 0.308127 0.555938 0.049291 0.033178
5 0.632003 0.547604 0.051695 0.022920
5 0.742847 0.556099 0.049772 0.036384
5 0.732989 0.556580 0.039673 0.031896
1 0.218803 0.460330 0.017312 0.018593
1 0.375210 0.439013 0.012263 0.015067
1 0.446502 0.441577 0.008175 0.018593
1 0.662419 0.444382 0.013465 0.018753
1 0.755470 0.481407 0.020197 0.023882
0 0.206780 0.524042 0.253907 0.228081
0 0.792378 0.548165 0.223371 0.275044
0 0.405747 0.479243 0.169031 0.177272
0 0.604592 0.480606 0.207983 0.154993