2 0.641770 0.343875 0.085494 0.071268
6 0.670237 0.314128 0.143179 0.132766
2 0.790210 0.414830 0.047539 0.088677
6 0.839440 0.391283 0.146749 0.135020
6 0.169485 0.420153 0.149944 0.110596
1 0.190154 0.444765 0.017663 0.026052
1 0.817644 0.427104 0.018978 0.026804
5 0.325723 0.556989 0.100526 0.072896
5 0.323281 0.561185 0.101278 0.065506
5 0.566798 0.469564 0.096392 0.059870
5 0.454247 0.419088 0.074596 0.031313
5 0.587185 0.587487 0.105599 0.035696
0 0.189309 0.641220 0.375986 0.546468
0 0.615840 0.403745 0.398534 0.316007
0 0.721533 0.569827 0.502067 0.498622