6 0.484250 0.347000 0.009833 0.015500
6 0.418333 0.669000 0.010000 0.018000
5 0.467333 0.693625 0.004000 0.007750
5 0.463583 0.697000 0.006167 0.011000
5 0.500667 0.358500 0.003333 0.006000
5 0.503167 0.356500 0.003333 0.005000
5 0.670917 0.236500 0.003500 0.005500
4 0.484083 0.346500 0.009500 0.013500
4 0.648667 0.214750 0.009333 0.010500
4 0.418250 0.667125 0.009500 0.013750
4 0.459500 0.674375 0.009000 0.017250
0 0.651250 0.249125 0.040500 0.086750
0 0.486917 0.381125 0.034167 0.088250
0 0.461167 0.703875 0.037667 0.079250
0 0.425250 0.699250 0.037167 0.077000