6 0.340553 0.328567 0.031310 0.054904
2 0.335835 0.346154 0.015870 0.019159
6 0.824576 0.226766 0.025735 0.036031
2 0.818465 0.231913 0.011795 0.023449
6 0.838623 0.164999 0.006219 0.010295
6 0.862749 0.157850 0.006434 0.011438
6 0.164915 0.159422 0.005576 0.012296
6 0.547180 0.157707 0.005361 0.007721
6 0.493674 0.167000 0.006005 0.009151
6 0.641969 0.160137 0.004932 0.009151
3 0.349989 0.451244 0.015012 0.024593
3 0.307206 0.409923 0.010079 0.015156
5 0.169097 0.186874 0.004075 0.006577
1 0.826292 0.225479 0.005147 0.008293
0 0.304203 0.416357 0.107013 0.231055
0 0.822110 0.319560 0.068840 0.222190
0 0.171456 0.182728 0.025949 0.061195
0 0.490242 0.189591 0.013725 0.050329
0 0.545464 0.175293 0.010079 0.042894
0 0.861355 0.184730 0.018658 0.065771
0 0.835728 0.172576 0.012867 0.022591