2 0.533250 0.424917 0.126500 0.143167
6 0.564250 0.410250 0.201000 0.173167
2 0.089875 0.293667 0.179250 0.194667
6 0.090000 0.245250 0.179500 0.291500
2 0.168500 0.389083 0.129000 0.101833
6 0.158500 0.358333 0.156000 0.162667
2 0.806500 0.212167 0.143000 0.107667
6 0.821000 0.183167 0.175000 0.164000
0 0.605000 0.596500 0.517500 0.548000
0 0.831125 0.307750 0.337750 0.415167
0 0.121875 0.536667 0.243250 0.887333
0 0.212875 0.469000 0.425250 0.384333
5 0.488875 0.597250 0.176750 0.083500
5 0.617250 0.785417 0.137500 0.076500
5 0.115625 0.576917 0.080750 0.050833
5 0.163125 0.910417 0.162250 0.140500
5 0.869750 0.970833 0.196000 0.058333