6 0.482693 0.299020 0.098392 0.211916
6 0.059280 0.395456 0.118288 0.221154
6 0.931112 0.360671 0.137776 0.228130
6 0.016830 0.542704 0.033388 0.251320
2 0.485010 0.324661 0.091578 0.163273
2 0.923344 0.380279 0.117062 0.165913
2 0.075361 0.423831 0.079586 0.139140
1 0.527392 0.305618 0.009539 0.047888
1 0.435268 0.302225 0.005451 0.049774
1 0.966748 0.387538 0.028073 0.052225
1 0.010289 0.424868 0.020305 0.044683
5 0.441605 0.595023 0.066094 0.084842
5 0.499523 0.599736 0.057373 0.069005
5 0.182475 0.755279 0.092123 0.128582
5 0.150245 0.510087 0.027664 0.100113
5 0.312210 0.840781 0.081494 0.083899
5 0.741210 0.658748 0.055328 0.108974
5 0.736713 0.665347 0.076860 0.092383
5 0.889139 0.850962 0.073726 0.085407
5 0.943309 0.915913 0.113382 0.124811
0 0.108068 0.520362 0.176342 0.494344
0 0.468520 0.408183 0.309894 0.439668
0 0.850368 0.505090 0.299264 0.527903
0 0.174230 0.708428 0.348188 0.565799