6 0.775349 0.211280 0.135472 0.237799
6 0.386553 0.268675 0.096576 0.177291
6 0.276679 0.240040 0.083278 0.135956
6 0.159491 0.318850 0.101230 0.151145
2 0.742021 0.242654 0.066822 0.147161
2 0.393201 0.283865 0.074302 0.136454
2 0.288564 0.253362 0.059840 0.114791
2 0.176612 0.330802 0.068650 0.123755
1 0.251247 0.258840 0.020113 0.040090
1 0.350898 0.284487 0.018617 0.047062
1 0.140957 0.355204 0.017952 0.030129
1 0.774102 0.204308 0.017620 0.067978
5 0.633561 0.650025 0.090924 0.110309
5 0.648936 0.576818 0.082779 0.072958
5 0.326463 0.546439 0.038564 0.051046
5 0.355303 0.567480 0.029754 0.049303
5 0.272523 0.647410 0.045711 0.100598
5 0.309176 0.657744 0.065160 0.096863
5 0.262799 0.562251 0.056516 0.082669
0 0.184924 0.616160 0.212267 0.751245
0 0.742520 0.544447 0.291223 0.911106
0 0.391207 0.586778 0.196975 0.818476
0 0.283826 0.577316 0.169714 0.845369