6 0.112673 0.702707 0.225346 0.172002
6 0.207416 0.484284 0.175224 0.169383
2 0.206194 0.515861 0.167889 0.107392
6 0.310106 0.532159 0.123064 0.149884
2 0.310513 0.563009 0.108394 0.088184
6 0.525672 0.390134 0.108394 0.104482
2 0.517930 0.406286 0.082315 0.072177
6 0.751222 0.540163 0.131622 0.126310
2 0.734515 0.561263 0.098207 0.084109
5 0.427058 0.965512 0.098615 0.068976
5 0.343725 0.896100 0.107172 0.067520
5 0.471271 0.780850 0.101467 0.048312
5 0.440302 0.691793 0.059087 0.041909
5 0.543602 0.727590 0.053790 0.040745
5 0.275876 0.738504 0.059495 0.032305
5 0.160758 0.798603 0.072942 0.042491
5 0.600041 0.713475 0.077017 0.035797
1 0.166463 0.745780 0.028932 0.041618
1 0.148737 0.465076 0.033415 0.040745
1 0.253464 0.536380 0.011410 0.032596
1 0.791157 0.562427 0.019152 0.021828
0 0.702323 0.612194 0.371231 0.272701
0 0.340465 0.631112 0.364711 0.350116
0 0.146496 0.607538 0.292991 0.427532
0 0.484311 0.525902 0.241646 0.373690
0 0.237775 0.808207 0.475550 0.383586