6 0.848828 0.267773 0.093490 0.146484
6 0.788542 0.287891 0.041667 0.094531
6 0.636719 0.355469 0.055729 0.089844
6 0.327865 0.366406 0.051563 0.087500
6 0.055469 0.278906 0.062500 0.115625
1 0.074479 0.290234 0.014063 0.036719
1 0.317578 0.377344 0.016927 0.032031
1 0.627995 0.373047 0.014844 0.028125
1 0.820703 0.288281 0.016927 0.050000
1 0.775651 0.306641 0.009635 0.028906
5 0.390234 0.460742 0.025781 0.044141
5 0.388802 0.637891 0.035938 0.059375
3 0.480599 0.356055 0.017969 0.057422
3 0.552474 0.420117 0.019010 0.037891