6 0.329039 0.644796 0.081948 0.106325
2 0.355219 0.654382 0.027261 0.086653
2 0.405668 0.633591 0.032414 0.058018
6 0.404172 0.624253 0.037733 0.078187
2 0.499335 0.612425 0.029588 0.060010
6 0.497839 0.608068 0.034907 0.068725
2 0.571809 0.589268 0.023604 0.049552
6 0.568068 0.581922 0.042719 0.068227
2 0.722822 0.589641 0.028092 0.050797
6 0.724651 0.581673 0.039395 0.065239
2 0.767370 0.644422 0.046044 0.104084
6 0.797291 0.635085 0.106217 0.134711
6 0.842503 0.585159 0.081283 0.106076
6 0.875332 0.569099 0.058511 0.087898
5 0.401679 0.816733 0.053358 0.038347
5 0.425283 0.758342 0.035406 0.056026
5 0.566905 0.716135 0.031084 0.033865
5 0.565243 0.715886 0.026097 0.034363
5 0.574468 0.691858 0.023271 0.021165
5 0.583943 0.683640 0.015293 0.029133
5 0.686918 0.793700 0.039062 0.069970
5 0.677443 0.828312 0.035073 0.069970
5 0.720246 0.678411 0.022606 0.030627
1 0.388381 0.630478 0.004156 0.019422
1 0.739195 0.584039 0.006649 0.015687
0 0.361120 0.737425 0.164395 0.287600
0 0.410655 0.689492 0.097573 0.215637
0 0.518368 0.666210 0.126828 0.179532
0 0.563248 0.634960 0.085605 0.163845
0 0.726479 0.621514 0.090592 0.143426
0 0.772357 0.783118 0.229887 0.433765