6 0.316167 0.543250 0.015333 0.030500
2 0.314417 0.548750 0.011500 0.019000
1 0.322417 0.544000 0.002500 0.006500
6 0.482917 0.527250 0.014833 0.025500
2 0.484667 0.533250 0.009000 0.013500
1 0.479750 0.529000 0.002500 0.007500
6 0.580833 0.508875 0.009667 0.020250
2 0.580833 0.512125 0.007333 0.012750
0 0.314583 0.578875 0.035500 0.103250
0 0.486083 0.552000 0.051833 0.073500
0 0.579667 0.529250 0.025000 0.064000
5 0.302250 0.577250 0.006167 0.014500
5 0.470583 0.552375 0.005167 0.012750
5 0.575833 0.531500 0.004000 0.009000
5 0.587000 0.556625 0.004000 0.008250
5 0.508833 0.573500 0.006333 0.010500