5 0.374055 0.661345 0.066499 0.057623
5 0.400630 0.661534 0.044081 0.059135
5 0.478338 0.674381 0.056927 0.046288
5 0.648992 0.669186 0.045088 0.032496
5 0.645592 0.690346 0.060957 0.021538
5 0.627834 0.714623 0.069270 0.035708
5 0.258816 0.715757 0.082872 0.050066
1 0.007809 0.472133 0.015617 0.042320
6 0.044836 0.447100 0.089673 0.150576
2 0.052771 0.465898 0.074307 0.116380
6 0.186272 0.514264 0.133753 0.102399
2 0.222922 0.522766 0.059446 0.086907
1 0.184005 0.538258 0.026448 0.027206
6 0.578463 0.368506 0.100000 0.112035
1 0.622040 0.373607 0.011335 0.025505
1 0.531360 0.367844 0.006297 0.009069
2 0.577204 0.385320 0.080856 0.077272
6 0.865617 0.545532 0.137280 0.139241
2 0.836650 0.565369 0.078338 0.100321
1 0.885264 0.561307 0.022418 0.034007
0 0.150252 0.561496 0.300504 0.387682
0 0.796977 0.658039 0.406045 0.391838
0 0.235642 0.580106 0.374559 0.233705
0 0.565869 0.502551 0.274307 0.390327