6 0.246875 0.323242 0.112240 0.226562
6 0.482812 0.388477 0.044010 0.103516
6 0.586914 0.413965 0.047005 0.096289
6 0.723242 0.408984 0.047005 0.113672
6 0.818490 0.408594 0.055469 0.123828
2 0.253841 0.345801 0.079297 0.172070
2 0.817578 0.424707 0.047135 0.083008
2 0.719792 0.422852 0.036198 0.079297
2 0.590299 0.419922 0.034245 0.075781
2 0.484505 0.390918 0.034115 0.069727
5 0.287240 0.900879 0.057812 0.125977
5 0.240299 0.928027 0.063932 0.112695
5 0.891797 0.616895 0.035156 0.062305
5 0.745443 0.674023 0.042969 0.029297
5 0.377539 0.595898 0.030599 0.053125
0 0.580729 0.500586 0.148958 0.307422
0 0.859180 0.530176 0.281641 0.402930
0 0.733464 0.507812 0.145313 0.324219
0 0.441797 0.496973 0.170313 0.321680
0 0.249089 0.601465 0.424479 0.785352