6 0.490915 0.702490 0.081441 0.164513
6 0.641548 0.669556 0.071220 0.184998
6 0.626866 0.476205 0.073653 0.191617
6 0.767359 0.451308 0.073005 0.190986
6 0.714066 0.651592 0.086470 0.227860
2 0.756814 0.478569 0.048670 0.131421
2 0.625324 0.502049 0.061162 0.134888
2 0.698167 0.687362 0.043316 0.143082
2 0.634896 0.691932 0.054023 0.133943
2 0.500892 0.721557 0.053050 0.119445
1 0.718284 0.645446 0.017359 0.051686
1 0.664585 0.674598 0.012167 0.042546
1 0.659312 0.483612 0.010707 0.051371
1 0.779689 0.453514 0.012979 0.042862
5 0.602369 0.836748 0.047047 0.140561
5 0.652985 0.938386 0.074627 0.060826
5 0.576655 0.941853 0.050779 0.029310
5 0.858615 0.846990 0.018981 0.040025
5 0.868916 0.878979 0.038287 0.065553
0 0.862021 0.676016 0.262330 0.641034
0 0.653877 0.675859 0.184134 0.561298
0 0.727774 0.768516 0.299156 0.456035
0 0.492213 0.786007 0.164828 0.336590
0 0.632382 0.778758 0.182349 0.398991