6 0.516859 0.469284 0.096382 0.162125
6 0.646574 0.360739 0.100847 0.152887
2 0.626636 0.390416 0.053888 0.091224
6 0.794611 0.297113 0.167513 0.238568
2 0.761971 0.372517 0.070208 0.084065
1 0.492764 0.493418 0.005697 0.039492
1 0.660739 0.386374 0.020169 0.040647
1 0.803464 0.368822 0.014627 0.019400
5 0.409392 0.728406 0.050808 0.101155
5 0.428560 0.499423 0.034026 0.075520
5 0.600847 0.704388 0.018630 0.085912
5 0.638106 0.583718 0.042956 0.076905
5 0.668052 0.721478 0.089915 0.100693
5 0.684527 0.663741 0.050192 0.047575
0 0.489530 0.693649 0.212009 0.610393
0 0.663202 0.642263 0.187991 0.715473
0 0.781062 0.574134 0.313472 0.851732