1 0.495833 0.310965 0.004048 0.017358
3 0.423929 0.370660 0.048333 0.028366
3 0.518452 0.526672 0.022143 0.055038
3 0.828214 0.383785 0.010714 0.023285
3 0.843333 0.375318 0.007143 0.025826
3 0.074048 0.306520 0.027143 0.030483
3 0.143333 0.458298 0.012857 0.034293
0 0.441190 0.646274 0.152857 0.570279
0 0.084524 0.486664 0.101429 0.444115
0 0.147976 0.425699 0.077381 0.322185
0 0.210000 0.477350 0.076190 0.183319
0 0.354524 0.344623 0.039524 0.123624
0 0.832024 0.363887 0.029762 0.201101
0 0.517500 0.322396 0.027857 0.110500
0 0.379167 0.158975 0.034048 0.091025
0 0.293214 0.167443 0.019762 0.045301
0 0.495357 0.492168 0.072143 0.440728