6 0.254861 0.546173 0.040830 0.075577
6 0.310515 0.539125 0.063351 0.095990
6 0.493681 0.491738 0.093973 0.161604
6 0.850535 0.394168 0.143714 0.234751
2 0.511666 0.526002 0.062216 0.094532
2 0.810920 0.422722 0.056708 0.155772
2 0.258182 0.554678 0.033863 0.051762
1 0.828014 0.415188 0.024141 0.070231
1 0.468001 0.515917 0.018308 0.036938
0 0.490603 0.562333 0.220350 0.344593
5 0.578581 0.687971 0.042126 0.060753
0 0.252511 0.571446 0.071452 0.133900
0 0.322505 0.563183 0.081497 0.153341
0 0.837006 0.639004 0.283215 0.721993