5 0.436472 0.727419 0.080951 0.129724
5 0.387062 0.824712 0.099714 0.058429
5 0.171462 0.660815 0.134203 0.119807
5 0.106147 0.649692 0.071122 0.105066
5 0.766262 0.564058 0.083274 0.119807
5 0.821658 0.560976 0.117941 0.140445
2 0.524750 0.295095 0.128485 0.196194
2 0.791458 0.216832 0.111151 0.191906
2 0.160561 0.255159 0.128485 0.152774
6 0.525643 0.229429 0.146712 0.318413
6 0.800214 0.163227 0.146176 0.316805
6 0.146891 0.166175 0.168692 0.331815
1 0.591047 0.221254 0.014475 0.062986
1 0.730254 0.162021 0.015189 0.056017
1 0.455861 0.215894 0.015726 0.061914
0 0.529128 0.527875 0.367405 0.924953
0 0.192102 0.508979 0.372051 0.982042
0 0.814242 0.495042 0.333274 0.989547