6 0.407102 0.549230 0.163581 0.326433
6 0.247644 0.489775 0.165433 0.262560
6 0.553097 0.323656 0.135813 0.276193
6 0.762454 0.446478 0.145910 0.309265
1 0.480562 0.571194 0.015651 0.056299
1 0.608718 0.347135 0.020195 0.052512
1 0.497896 0.353825 0.010602 0.050745
1 0.827667 0.467937 0.016156 0.066397
1 0.694547 0.462888 0.011781 0.063873
5 0.762370 0.673820 0.087849 0.159556
0 0.424520 0.694143 0.334063 0.611714
0 0.220801 0.679879 0.320094 0.640242
0 0.587428 0.508584 0.250926 0.644534
0 0.752861 0.504039 0.319253 0.423883
0 0.484769 0.277708 0.117301 0.314567
6 0.487630 0.180510 0.069842 0.124716