6 0.559356 0.389423 0.015091 0.024321
6 0.384746 0.445324 0.013204 0.023756
6 0.414361 0.478978 0.012324 0.023190
6 0.379276 0.524510 0.011821 0.023756
6 0.718624 0.514329 0.016977 0.021493
6 0.757608 0.544306 0.012953 0.020739
6 0.705294 0.561746 0.012953 0.019419
1 0.756854 0.549774 0.003898 0.007541
1 0.708564 0.567873 0.002892 0.005656
5 0.252138 0.528752 0.009809 0.014140
5 0.270058 0.597002 0.006413 0.009238
5 0.384746 0.570136 0.007420 0.010935
5 0.547661 0.416949 0.005785 0.009238
5 0.576396 0.447681 0.006413 0.009238
5 0.737739 0.578243 0.004904 0.009050
5 0.747611 0.556467 0.006036 0.009992
5 0.733526 0.537896 0.006539 0.009050
5 0.728873 0.541667 0.007294 0.008673
5 0.716864 0.572587 0.005659 0.007541
4 0.669014 0.589838 0.014588 0.023190
4 0.820360 0.580600 0.013707 0.019796
4 0.243209 0.559012 0.017354 0.018854
4 0.379401 0.521493 0.014839 0.018854
4 0.385752 0.445796 0.011947 0.020173
4 0.414424 0.475490 0.014210 0.016591
4 0.560236 0.386595 0.014839 0.016403
4 0.718498 0.513292 0.013204 0.019796
0 0.758803 0.565234 0.043260 0.062217
0 0.722271 0.529506 0.036343 0.056373
0 0.705860 0.583333 0.034205 0.068627
0 0.562123 0.436840 0.036720 0.116893
0 0.376320 0.540818 0.028546 0.062406
0 0.413104 0.498397 0.032696 0.062406
0 0.252201 0.591912 0.058979 0.141591