6 0.139893 0.584164 0.009277 0.025690
2 0.140015 0.590683 0.005859 0.009586
6 0.348022 0.795821 0.005371 0.015721
2 0.347900 0.798888 0.003906 0.007285
6 0.495667 0.773198 0.008911 0.027991
2 0.496765 0.777416 0.005737 0.017255
6 0.535095 0.760544 0.009644 0.030291
2 0.533325 0.765913 0.005371 0.018021
6 0.599487 0.733321 0.008789 0.036426
2 0.599487 0.740798 0.007568 0.019939
6 0.690613 0.702454 0.014771 0.049080
2 0.690002 0.710890 0.010864 0.029141
6 0.824524 0.677722 0.012817 0.048696
2 0.824341 0.686925 0.010986 0.028758
1 0.536560 0.764379 0.001831 0.006518
5 0.144775 0.636695 0.003418 0.011887
5 0.507751 0.820360 0.005493 0.010353
5 0.503601 0.827837 0.006714 0.006902
5 0.520996 0.821127 0.006348 0.008052
5 0.603455 0.709356 0.004272 0.013804
5 0.596191 0.811158 0.005615 0.011120
5 0.680176 0.817293 0.005615 0.015721
5 0.699646 0.802339 0.006714 0.015721
5 0.820251 0.780291 0.007690 0.019939
5 0.825073 0.796779 0.009766 0.019939
0 0.499695 0.794670 0.022095 0.074003
0 0.598633 0.761503 0.023438 0.116564
0 0.694702 0.750767 0.034912 0.146472
0 0.825256 0.729103 0.031372 0.155291
0 0.533569 0.785660 0.030029 0.082822
0 0.144836 0.618290 0.018921 0.093175