5 0.412298 0.758900 0.066882 0.090615
5 0.441640 0.518123 0.039266 0.076375
5 0.672492 0.718932 0.066882 0.077994
5 0.695577 0.500809 0.041855 0.074110
5 0.871845 0.578479 0.062999 0.103883
5 0.915534 0.412136 0.065804 0.056634
6 0.208414 0.541748 0.113916 0.143689
2 0.240669 0.545631 0.048975 0.134628
6 0.421467 0.352104 0.068393 0.133981
2 0.428910 0.363430 0.053937 0.108738
1 0.396656 0.366181 0.011435 0.033981
6 0.715858 0.401618 0.073355 0.117799
1 0.713053 0.406634 0.010787 0.021036
6 0.776375 0.442233 0.108954 0.159547
2 0.744121 0.469579 0.044444 0.106149
6 0.849515 0.346440 0.061489 0.118770
2 0.851888 0.357120 0.046386 0.096117
1 0.822546 0.348382 0.008414 0.021036
1 0.878209 0.344660 0.003236 0.021359
0 0.467853 0.489159 0.218554 0.406149
0 0.909493 0.554531 0.181014 0.539482
0 0.357605 0.657282 0.595254 0.551456
0 0.646710 0.677184 0.441208 0.645631
0 0.684898 0.450000 0.136138 0.222977