5 0.324235 0.559583 0.081363 0.097523
5 0.377955 0.676532 0.122392 0.136897
5 0.501999 0.475750 0.042246 0.025815
5 0.486092 0.493220 0.046940 0.023729
5 0.583797 0.593481 0.037900 0.081877
0 0.495828 0.522295 0.164812 0.652412
0 0.246697 0.640026 0.388039 0.719948
0 0.699583 0.598435 0.373435 0.702999
6 0.170202 0.393872 0.142907 0.221904
2 0.199930 0.414472 0.082754 0.179140
1 0.151252 0.424381 0.026078 0.053977
6 0.508780 0.276793 0.048853 0.097784
2 0.507128 0.283312 0.042072 0.084746
1 0.530511 0.283312 0.005389 0.025293
1 0.697062 0.405476 0.021036 0.052673
6 0.712796 0.374576 0.147079 0.254759
2 0.664725 0.403259 0.051287 0.194785