6 0.334774 0.349726 0.063830 0.138695
2 0.340675 0.371389 0.051363 0.094373
6 0.590675 0.114168 0.040725 0.080428
2 0.583610 0.124377 0.025931 0.059512
6 0.808178 0.383591 0.081117 0.137699
2 0.792636 0.409985 0.050366 0.084412
5 0.435422 0.582420 0.033078 0.050299
5 0.374086 0.601967 0.053025 0.052042
5 0.709441 0.628984 0.059508 0.044323
5 0.660406 0.585906 0.047207 0.044323
5 0.594166 0.154880 0.023105 0.052291
5 0.542553 0.351843 0.015957 0.031375
1 0.311752 0.352465 0.011802 0.033118
1 0.818900 0.383466 0.014461 0.041335
0 0.331366 0.564492 0.240858 0.578187
0 0.579704 0.337649 0.090259 0.525398
0 0.764378 0.612301 0.356217 0.595120