6 0.212718 0.267907 0.116790 0.213119
2 0.228301 0.290651 0.084283 0.166122
6 0.389578 0.490827 0.092493 0.209098
2 0.396196 0.529781 0.080261 0.127670
6 0.509718 0.237748 0.097185 0.229706
2 0.508881 0.285122 0.083110 0.134959
6 0.663455 0.293164 0.118130 0.242021
2 0.654910 0.330862 0.090315 0.165620
5 0.180044 0.880372 0.061830 0.110581
5 0.337550 0.797311 0.046079 0.119879
5 0.418063 0.619251 0.083445 0.059814
5 0.520023 0.493843 0.057808 0.080422
5 0.584199 0.493214 0.044068 0.141493
5 0.597520 0.751948 0.085456 0.100528
5 0.596682 0.824453 0.024799 0.080674
1 0.175938 0.293038 0.022788 0.043227
1 0.551692 0.239130 0.013237 0.050515
1 0.706518 0.296306 0.019605 0.059814
0 0.541471 0.421337 0.236092 0.655190
0 0.397118 0.614602 0.248660 0.485298
0 0.175687 0.580799 0.246146 0.838402
0 0.697218 0.531918 0.352212 0.743654