6 0.231155 0.282281 0.155659 0.119633
2 0.234656 0.305072 0.108051 0.077162
6 0.363711 0.297449 0.093116 0.074984
2 0.373979 0.307094 0.065111 0.055694
6 0.863127 0.232187 0.184597 0.112166
2 0.837456 0.234832 0.133256 0.106254
5 0.200933 0.529558 0.071412 0.094275
5 0.430688 0.528936 0.115986 0.070940
5 0.463944 0.473398 0.060677 0.042315
5 0.664527 0.519680 0.133722 0.066428
1 0.910502 0.258090 0.039440 0.030803
0 0.184364 0.528780 0.368261 0.624144
0 0.447491 0.526758 0.286814 0.533914
0 0.634539 0.563861 0.730922 0.782981