6 0.046833 0.449250 0.041333 0.073500
6 0.239333 0.434875 0.046333 0.090750
6 0.150333 0.428500 0.044333 0.096000
6 0.222750 0.409375 0.040833 0.084750
6 0.126250 0.444000 0.024500 0.076000
6 0.069833 0.420375 0.041333 0.068250
6 0.288833 0.408875 0.038000 0.110750
6 0.326667 0.416750 0.060667 0.131000
6 0.391750 0.401625 0.076833 0.156750
6 0.454750 0.409875 0.047833 0.091250
2 0.383667 0.418500 0.054000 0.121000
6 0.515917 0.407375 0.072167 0.215250
2 0.515583 0.444500 0.070833 0.141000
6 0.585750 0.372625 0.133500 0.227250
2 0.542333 0.402625 0.045333 0.124250
6 0.719833 0.405250 0.074667 0.211500
2 0.706250 0.425875 0.047500 0.170250
6 0.748167 0.428875 0.065000 0.227750
2 0.741667 0.430500 0.053667 0.190000
6 0.836833 0.385750 0.175667 0.257500
2 0.781500 0.409750 0.065000 0.214000
6 0.971167 0.368750 0.057667 0.270500
2 0.968500 0.407375 0.054000 0.192750
5 0.694500 0.713625 0.050000 0.055750
5 0.693917 0.683500 0.076833 0.082000
5 0.484333 0.510875 0.078333 0.089250
5 0.477417 0.510500 0.072167 0.086500
5 0.264083 0.585625 0.031833 0.056250
5 0.309917 0.488250 0.041167 0.050000
5 0.219500 0.461625 0.034333 0.052750
1 0.336500 0.423750 0.011667 0.036500
1 0.415167 0.403000 0.011667 0.039000
1 0.470083 0.438500 0.014833 0.031500
0 0.388083 0.486000 0.155833 0.319500
0 0.661250 0.586875 0.267167 0.558250
0 0.834083 0.577375 0.264500 0.649750
0 0.905750 0.603500 0.188500 0.739000
0 0.324417 0.471625 0.091500 0.240250
0 0.058167 0.479250 0.090333 0.134000
0 0.079667 0.445750 0.060667 0.121000
0 0.154250 0.460750 0.093833 0.159000
0 0.236583 0.473875 0.091500 0.170250
0 0.720583 0.475750 0.082833 0.352500