2 0.339518 0.221209 0.046549 0.096354
6 0.348389 0.214265 0.063965 0.113715
2 0.492513 0.411169 0.041341 0.091435
6 0.506022 0.399161 0.073568 0.120660
2 0.688314 0.432870 0.040690 0.098958
6 0.682292 0.424190 0.055664 0.116898
2 0.763346 0.356481 0.028971 0.138310
6 0.794759 0.335938 0.092122 0.178241
1 0.517334 0.430845 0.013509 0.024884
1 0.366292 0.239149 0.014160 0.029225
1 0.665771 0.428675 0.008301 0.024595
1 0.783203 0.360677 0.013997 0.045428
5 0.212158 0.158565 0.027832 0.061343
5 0.320394 0.463831 0.049316 0.056134
5 0.465169 0.623409 0.029948 0.040799
5 0.561768 0.615162 0.036621 0.037037
0 0.299886 0.560185 0.199707 0.865741
0 0.672770 0.488571 0.111491 0.245081
0 0.505208 0.668547 0.174805 0.662905
0 0.782145 0.620660 0.269694 0.752315