6 0.357273 0.504112 0.050073 0.075110
6 0.500365 0.396107 0.032164 0.053180
6 0.742142 0.484649 0.014985 0.027412
2 0.351060 0.521930 0.032529 0.031798
2 0.742507 0.488213 0.010599 0.019189
1 0.344664 0.511787 0.008041 0.011513
1 0.495797 0.397478 0.006944 0.017544
5 0.243604 0.586623 0.026681 0.046053
5 0.286001 0.647478 0.019371 0.048246
5 0.763158 0.540022 0.008772 0.015351
5 0.715095 0.529879 0.006944 0.011513
0 0.287463 0.654331 0.189693 0.424890
0 0.739035 0.541393 0.059211 0.156250
7 0.279240 0.538377 0.124269 0.173246
7 0.534357 0.459430 0.095029 0.140351
7 0.740680 0.524671 0.032529 0.069079
0 0.533808 0.568805 0.110746 0.407346
0 0.121528 0.524397 0.009868 0.034539