5 0.219494 0.843080 0.084226 0.062946
5 0.357664 0.867188 0.121577 0.134821
5 0.478646 0.743192 0.064435 0.072098
5 0.647173 0.802567 0.072917 0.085491
5 0.882440 0.736496 0.069643 0.071205
5 0.857440 0.540625 0.048810 0.071875
6 0.268006 0.499330 0.140774 0.244643
2 0.328274 0.522656 0.021429 0.119866
6 0.536012 0.487835 0.099107 0.210937
1 0.573810 0.512054 0.013988 0.027232
2 0.529911 0.507478 0.076488 0.168080
6 0.837649 0.441295 0.100298 0.182143
2 0.822693 0.460603 0.071280 0.143527
1 0.861607 0.485938 0.017560 0.040179
0 0.812128 0.549665 0.218304 0.442634
0 0.547917 0.608594 0.269643 0.476563
0 0.234598 0.660491 0.367411 0.643750