6 0.715250 0.254000 0.170500 0.326500
6 0.449000 0.232875 0.072000 0.127250
6 0.278917 0.337250 0.062500 0.123500
6 0.124083 0.327000 0.115500 0.163500
6 0.327167 0.595500 0.129333 0.202000
2 0.710583 0.284000 0.135833 0.269000
2 0.444917 0.239375 0.053500 0.098250
2 0.279083 0.342250 0.050833 0.097000
2 0.155667 0.343500 0.048000 0.119000
1 0.140750 0.346875 0.016500 0.046750
1 0.274917 0.646750 0.020500 0.051500
5 0.172750 0.821125 0.071500 0.150250
5 0.226500 0.794375 0.060333 0.118750
5 0.101167 0.730125 0.058667 0.108750
5 0.266250 0.681375 0.042167 0.071750
5 0.555417 0.860375 0.107167 0.124750
5 0.683333 0.472250 0.094000 0.161000
0 0.695083 0.559625 0.387833 0.858250
0 0.272583 0.448625 0.123500 0.324250
0 0.154000 0.559250 0.238000 0.618000
0 0.467583 0.384250 0.165167 0.502000
0 0.286333 0.750500 0.297333 0.499000