6 0.168625 0.346020 0.183405 0.340011
6 0.395744 0.237447 0.136574 0.230769
2 0.390224 0.269097 0.087429 0.169605
6 0.716613 0.288862 0.116275 0.265759
2 0.707443 0.326790 0.099003 0.188835
1 0.343928 0.249332 0.011574 0.055823
1 0.435185 0.272703 0.018519 0.050748
1 0.763266 0.283654 0.016204 0.058761
1 0.219907 0.399840 0.019587 0.083868
5 0.324341 0.690171 0.079950 0.127671
5 0.345442 0.610577 0.037037 0.044872
5 0.412749 0.701255 0.084046 0.126335
5 0.466613 0.637153 0.043981 0.088408
5 0.580484 0.948317 0.078704 0.063835
5 0.932870 0.951255 0.073718 0.054754
0 0.378116 0.450454 0.289708 0.657318
0 0.755342 0.578392 0.428775 0.843216
0 0.232906 0.587740 0.445513 0.824519