5 0.392996 0.557980 0.047708 0.052271
5 0.158264 0.776960 0.066486 0.081198
5 0.203688 0.771505 0.089663 0.104288
5 0.756894 0.692337 0.075791 0.117483
5 0.500000 0.980589 0.071561 0.038823
2 0.408053 0.208069 0.090340 0.096930
2 0.234055 0.588302 0.098968 0.117483
2 0.466165 0.672291 0.095246 0.186501
6 0.400609 0.135245 0.139401 0.229383
6 0.500930 0.631185 0.159702 0.271251
6 0.229403 0.526262 0.118423 0.231921
1 0.180511 0.539964 0.023346 0.052271
0 0.560819 0.375920 0.464896 0.751840
0 0.597953 0.732682 0.364913 0.534636
0 0.212824 0.638417 0.351886 0.471961