2 0.593407 0.198050 0.069074 0.112307
6 0.589818 0.166274 0.082081 0.168460
2 0.205427 0.301950 0.063243 0.142569
6 0.174366 0.271688 0.126261 0.204438
6 0.876990 0.270175 0.138372 0.224950
2 0.888540 0.666947 0.222920 0.373571
1 0.169096 0.303968 0.017941 0.036987
5 0.309486 0.562038 0.088361 0.062206
5 0.339762 0.517485 0.059655 0.054472
5 0.548553 0.448554 0.031397 0.033625
5 0.691186 0.239240 0.035434 0.079691
5 0.727966 0.438635 0.050684 0.060861
5 0.812178 0.510087 0.040144 0.037660
5 0.716528 0.866342 0.064140 0.100538
0 0.609217 0.255044 0.271586 0.343981
0 0.201839 0.491089 0.341332 0.641224
0 0.843799 0.741762 0.312402 0.516476
0 0.848397 0.324479 0.289751 0.326160