2 0.400583 0.557625 0.060833 0.118750
6 0.411667 0.521750 0.103000 0.197000
2 0.124167 0.604375 0.075333 0.115250
6 0.117833 0.567750 0.108000 0.180500
2 0.866333 0.266125 0.073333 0.137750
6 0.869000 0.236500 0.092667 0.198000
0 0.866417 0.385250 0.225167 0.490000
0 0.087333 0.720000 0.174667 0.484500
0 0.410667 0.649000 0.425333 0.480500
1 0.439417 0.542625 0.016167 0.035750
1 0.083167 0.581000 0.017333 0.042000
1 0.908167 0.235625 0.011667 0.047750
5 0.244000 0.783125 0.088667 0.078750
5 0.309417 0.752125 0.059833 0.049250
5 0.155333 0.761000 0.037000 0.080500
5 0.822833 0.590125 0.068333 0.075250
5 0.786583 0.577875 0.028167 0.073250