5 0.504133 0.758181 0.124774 0.075095
5 0.243735 0.678953 0.115991 0.076473
5 0.357530 0.704960 0.149832 0.082329
5 0.971713 0.554340 0.056575 0.059421
5 0.603591 0.718223 0.059675 0.043748
2 0.606432 0.256373 0.133041 0.111436
2 0.577241 0.493972 0.169724 0.127110
2 0.358564 0.440751 0.143115 0.107819
6 0.379489 0.421977 0.178765 0.176714
6 0.606949 0.482432 0.225523 0.159835
6 0.643890 0.252670 0.220356 0.167069
1 0.667399 0.495694 0.050891 0.053393
1 0.441488 0.424991 0.019633 0.037720
0 0.671919 0.596710 0.456213 0.439029
0 0.753940 0.485446 0.492121 0.651912