6 0.018585 0.623195 0.010466 0.012512
6 0.062252 0.620669 0.014796 0.012753
6 0.102310 0.622834 0.010466 0.010828
6 0.142187 0.623195 0.011548 0.012512
6 0.171418 0.622714 0.010826 0.013474
6 0.438289 0.617661 0.011909 0.012031
6 0.356550 0.598893 0.017322 0.010587
6 0.239264 0.477021 0.010826 0.010346
6 0.333273 0.458133 0.010466 0.012031
6 0.387947 0.447425 0.010105 0.011790
6 0.708409 0.613090 0.011548 0.011550
6 0.736016 0.614774 0.010466 0.012031
6 0.754782 0.620910 0.010466 0.012271
6 0.816131 0.619346 0.009744 0.012031
6 0.872068 0.622714 0.009744 0.013956
6 0.910141 0.619586 0.009383 0.014437
2 0.736738 0.615255 0.008300 0.009143
7 0.018405 0.637873 0.030314 0.026949
7 0.062974 0.637031 0.030675 0.025746
7 0.101588 0.639076 0.024901 0.025024
7 0.138759 0.640038 0.027788 0.028393
7 0.171960 0.636670 0.026344 0.027430
7 0.240527 0.491578 0.024179 0.023580
7 0.357452 0.612849 0.024901 0.025987
7 0.437568 0.631858 0.030675 0.024062
7 0.708589 0.628970 0.026344 0.025987
7 0.732948 0.631136 0.021653 0.021174
7 0.754782 0.635467 0.032840 0.027911
7 0.906532 0.636429 0.023096 0.027430
7 0.871346 0.639918 0.025623 0.029115
3 0.057200 0.644731 0.009022 0.007459
3 0.103031 0.647377 0.007578 0.006497
3 0.088416 0.652069 0.006496 0.008181
3 0.747564 0.621872 0.004691 0.008422
3 0.762360 0.622834 0.004691 0.008903
3 0.032840 0.644370 0.005774 0.009143
5 0.145074 0.637271 0.005774 0.006015
5 0.130458 0.634625 0.005413 0.005053
5 0.232768 0.481954 0.004331 0.007700
5 0.323349 0.460178 0.006496 0.006978
5 0.361422 0.473893 0.004691 0.007940
5 0.354565 0.454042 0.006135 0.004812
5 0.419885 0.452478 0.006135 0.006497
5 0.357272 0.609721 0.007218 0.006737
5 0.351498 0.608518 0.004331 0.006256
5 0.434139 0.627045 0.005052 0.007218
5 0.439011 0.626564 0.005413 0.006256
5 0.728979 0.621270 0.005052 0.007700
5 0.690906 0.641843 0.006135 0.006497
0 0.018585 0.650626 0.035727 0.071222
0 0.059004 0.647979 0.040058 0.069779
0 0.101047 0.649783 0.033923 0.070500
0 0.137315 0.649543 0.031397 0.068576
0 0.171418 0.650265 0.040419 0.067613
0 0.355828 0.623556 0.028149 0.060395
0 0.437387 0.646415 0.037532 0.069538
0 0.240346 0.504572 0.033923 0.065929
0 0.337604 0.483758 0.052328 0.057507
0 0.387405 0.474976 0.071815 0.064485
0 0.905269 0.649062 0.024901 0.078200
0 0.869361 0.651708 0.029592 0.072907
0 0.819740 0.650024 0.037892 0.072907
0 0.754601 0.647738 0.032479 0.066410
0 0.728437 0.644490 0.030675 0.069538
0 0.704439 0.640520 0.034645 0.072185