6 0.288000 0.557250 0.014333 0.027000
2 0.290000 0.565375 0.008667 0.010750
6 0.355917 0.552250 0.014500 0.032000
2 0.356083 0.560875 0.009167 0.012750
6 0.516000 0.497375 0.009000 0.018750
6 0.578417 0.443125 0.011833 0.026250
2 0.578417 0.449750 0.006833 0.012000
6 0.656083 0.422375 0.008500 0.015250
6 0.921917 0.434000 0.013500 0.027500
2 0.922500 0.440750 0.008667 0.012000
5 0.296000 0.604875 0.007333 0.012750
5 0.340250 0.600875 0.007167 0.009750
5 0.383417 0.602875 0.007167 0.007750
5 0.526000 0.511375 0.004333 0.006750
5 0.590333 0.491250 0.005000 0.010000
5 0.570500 0.497500 0.005000 0.007500
5 0.914083 0.480250 0.006833 0.011000
4 0.287833 0.552875 0.013333 0.018750
4 0.355500 0.549250 0.014333 0.023000
4 0.516000 0.495500 0.008333 0.014500
4 0.577250 0.438375 0.012500 0.016250
4 0.656000 0.420125 0.007333 0.011750
4 0.921833 0.432375 0.014000 0.020250
0 0.363833 0.570875 0.054333 0.074250
0 0.295000 0.576875 0.041000 0.069750
0 0.577000 0.486125 0.033000 0.112750
0 0.931167 0.455750 0.043333 0.067500
0 0.660417 0.450750 0.015167 0.074500
0 0.521250 0.506500 0.028833 0.040500