6 0.569875 0.144544 0.117250 0.243345
6 0.917625 0.375328 0.164750 0.463442
6 0.176875 0.316085 0.281250 0.439445
2 0.566375 0.171729 0.094250 0.176978
2 0.220250 0.419573 0.195500 0.230221
2 0.894000 0.421447 0.106000 0.337458
1 0.153375 0.372328 0.047750 0.104237
1 0.955500 0.468691 0.046500 0.107987
5 0.545375 0.581927 0.156250 0.236970
5 0.472250 0.797525 0.093500 0.245969
5 0.397125 0.298088 0.064750 0.129734
0 0.556625 0.298650 0.388750 0.561305
0 0.734000 0.540495 0.532000 0.919010
0 0.262500 0.533371 0.524500 0.910011