2 0.471577 0.556138 0.035417 0.067634
6 0.467336 0.544085 0.044792 0.091295
2 0.749554 0.400670 0.040774 0.068304
6 0.739583 0.392634 0.062202 0.084821
2 0.288467 0.556473 0.034375 0.072321
6 0.273661 0.547210 0.063988 0.090848
2 0.224702 0.557143 0.050595 0.119196
6 0.193750 0.537388 0.112500 0.158705
1 0.191369 0.573996 0.016667 0.039955
1 0.263690 0.571094 0.011607 0.020759
1 0.449926 0.554799 0.008780 0.022991
1 0.730357 0.412835 0.013690 0.017188
5 0.851339 0.366518 0.029762 0.057143
5 0.368155 0.706696 0.031250 0.041518
5 0.382366 0.697991 0.022768 0.034821
5 0.342485 0.772768 0.064137 0.038839
5 0.346875 0.805469 0.064583 0.053795
0 0.786682 0.578237 0.158482 0.484598
0 0.463690 0.602679 0.108929 0.208036
0 0.309524 0.628013 0.168452 0.259598
0 0.195610 0.727344 0.369494 0.544866