6 0.826464 0.310733 0.050847 0.079054
6 0.765312 0.259377 0.051810 0.081362
6 0.656780 0.300346 0.042758 0.070398
6 0.570300 0.425274 0.048536 0.067513
6 0.481221 0.273658 0.035247 0.076457
6 0.211864 0.247115 0.077042 0.142239
6 0.139349 0.266013 0.067989 0.104443
2 0.818567 0.317369 0.033513 0.062897
2 0.755104 0.269475 0.028313 0.055972
2 0.647149 0.307703 0.022342 0.051645
2 0.576464 0.430035 0.025809 0.053376
2 0.484495 0.286497 0.029083 0.050202
2 0.229488 0.264282 0.044877 0.107905
2 0.161595 0.275245 0.025039 0.082516
1 0.215813 0.248557 0.015216 0.037796
1 0.282261 0.362233 0.011364 0.023370
1 0.467161 0.275678 0.007126 0.017023
1 0.773209 0.262983 0.007126 0.021062
1 0.836672 0.322851 0.007704 0.021927
1 0.561344 0.435228 0.005200 0.015868
5 0.418336 0.333814 0.030817 0.070398
5 0.476502 0.350404 0.026579 0.047028
5 0.547092 0.525678 0.016757 0.031160
5 0.592065 0.490479 0.016179 0.031737
5 0.635015 0.359204 0.019260 0.029429
5 0.675751 0.360069 0.020223 0.034622
5 0.525135 0.494662 0.005586 0.025678
5 0.308648 0.397576 0.040639 0.050202
5 0.354199 0.393970 0.027735 0.042989
5 0.296514 0.380987 0.036402 0.040104
5 0.262327 0.705857 0.033128 0.050490
0 0.484399 0.474611 0.104006 0.497403
0 0.212153 0.587565 0.154276 0.824870
0 0.133282 0.587709 0.140216 0.762262
0 0.355451 0.642672 0.182781 0.714657
0 0.649942 0.501298 0.078390 0.480381
0 0.755874 0.466244 0.090331 0.511829
0 0.804122 0.537940 0.135208 0.553664
0 0.562885 0.586988 0.111133 0.403058