2 0.189427 0.278480 0.078358 0.130611
6 0.179726 0.248026 0.095954 0.191067
2 0.371484 0.544439 0.092946 0.147755
6 0.368025 0.506542 0.112498 0.222197
2 0.550910 0.585834 0.086930 0.171893
6 0.558505 0.551432 0.118664 0.242048
2 0.580990 0.267201 0.055647 0.142793
6 0.592345 0.250169 0.079561 0.179111
1 0.142051 0.269569 0.016995 0.043312
1 0.319447 0.514099 0.013536 0.052335
1 0.419687 0.527746 0.010378 0.047146
1 0.600993 0.562486 0.018950 0.051658
5 0.318469 0.641665 0.092796 0.087751
5 0.924650 0.894654 0.059859 0.083465
5 0.093398 0.879765 0.049030 0.093390
0 0.709580 0.681931 0.484584 0.506655
0 0.361633 0.632867 0.270266 0.479359
0 0.193864 0.551207 0.264401 0.897586
0 0.686795 0.452290 0.282599 0.584706