6 0.073826 0.374379 0.024306 0.042495
2 0.080357 0.376367 0.010913 0.037525
6 0.335400 0.368042 0.022321 0.044235
2 0.337632 0.371148 0.017526 0.036034
6 0.835483 0.469309 0.045635 0.085239
2 0.821263 0.486953 0.016204 0.049453
5 0.298280 0.498136 0.012235 0.030070
5 0.368965 0.498385 0.011409 0.028579
5 0.083499 0.522614 0.020833 0.038270
1 0.327050 0.372639 0.004299 0.013171
1 0.073165 0.375621 0.004134 0.013171
0 0.078952 0.508946 0.077216 0.311630
0 0.333747 0.490805 0.083499 0.289264
0 0.847884 0.573434 0.156746 0.294483