2 0.512828 0.292198 0.071266 0.072883
2 0.246009 0.406185 0.059863 0.082017
2 0.847064 0.400666 0.056727 0.083159
6 0.509835 0.285538 0.113740 0.111703
6 0.216078 0.378592 0.148803 0.136061
6 0.899943 0.403140 0.163056 0.124643
1 0.210519 0.403140 0.017389 0.025690
1 0.891676 0.387726 0.025086 0.031779
1 0.440279 0.462512 0.012258 0.016175
5 0.313854 0.537774 0.043900 0.030828
5 0.416762 0.516461 0.047320 0.063559
5 0.484607 0.526070 0.049031 0.049286
5 0.737885 0.555661 0.060718 0.056708
5 0.731899 0.517888 0.054447 0.044719
0 0.474487 0.486108 0.257982 0.147098
0 0.468643 0.387631 0.224629 0.315890
0 0.740450 0.652141 0.519099 0.624929
0 0.196693 0.591722 0.393387 0.565747