6 0.304125 0.537417 0.159750 0.110833
2 0.349375 0.543333 0.067250 0.098333
6 0.440250 0.417333 0.121000 0.108333
2 0.436250 0.430500 0.106000 0.083333
6 0.750500 0.513083 0.124000 0.115167
2 0.739375 0.527000 0.101250 0.087667
5 0.481750 0.550000 0.101500 0.045667
5 0.468000 0.536250 0.063000 0.019833
5 0.868625 0.593833 0.059750 0.069667
5 0.815125 0.613083 0.068750 0.090167
1 0.308875 0.555667 0.028750 0.031333
1 0.386500 0.409333 0.013500 0.027000
1 0.789750 0.535167 0.026500 0.024333
0 0.334500 0.661083 0.332500 0.361833
0 0.419500 0.558750 0.224500 0.390167
0 0.701875 0.612250 0.393750 0.325167