2 0.359857 0.572163 0.107554 0.082143
6 0.342699 0.557117 0.141870 0.115001
2 0.475702 0.458391 0.090051 0.091049
6 0.465684 0.444572 0.111930 0.117764
2 0.631737 0.559957 0.073238 0.080762
6 0.622754 0.549747 0.101796 0.103946
2 0.758291 0.463534 0.085444 0.050668
6 0.753685 0.440657 0.104330 0.095501
1 0.296062 0.573315 0.025104 0.028558
1 0.421350 0.453401 0.022340 0.028251
1 0.715223 0.446338 0.018194 0.025180
5 0.396131 0.606019 0.083832 0.050975
5 0.420659 0.562260 0.019576 0.034700
5 0.524413 0.561185 0.036389 0.031015
5 0.792146 0.557270 0.087287 0.065254
5 0.120797 0.760940 0.088208 0.068478
0 0.416743 0.482036 0.324044 0.192384
0 0.274758 0.679717 0.465684 0.228466
0 0.652004 0.615692 0.289728 0.239521
0 0.730654 0.541379 0.210732 0.324275