2 0.503583 0.361125 0.098167 0.183750
6 0.498833 0.333250 0.126333 0.242500
2 0.214667 0.441875 0.072000 0.127250
6 0.214333 0.432625 0.081667 0.145750
2 0.756167 0.486500 0.074000 0.140500
6 0.757000 0.464875 0.088333 0.186250
5 0.199000 0.797875 0.061667 0.093750
5 0.220583 0.813375 0.070833 0.076750
5 0.478667 0.798875 0.102000 0.100750
5 0.463000 0.769125 0.063000 0.083750
5 0.732583 0.774125 0.054500 0.065250
5 0.778667 0.825875 0.051667 0.062750
0 0.490917 0.609750 0.351500 0.780500
0 0.764500 0.683750 0.237333 0.632500
0 0.202917 0.683375 0.259500 0.633250