5 0.358833 0.822250 0.084667 0.099500
5 0.107333 0.667500 0.049667 0.051000
5 0.382083 0.679500 0.035833 0.065500
5 0.782833 0.266500 0.035333 0.060000
5 0.698667 0.498125 0.051333 0.025750
2 0.253750 0.452250 0.060833 0.070500
2 0.589750 0.412875 0.127167 0.231750
2 0.759917 0.448375 0.035500 0.069750
6 0.592000 0.385750 0.136667 0.254000
6 0.788167 0.414250 0.098333 0.120000
6 0.255583 0.414750 0.082167 0.135500
1 0.220083 0.429875 0.009500 0.027750
1 0.639250 0.422625 0.027167 0.049750
0 0.545750 0.561750 0.454500 0.616500
0 0.239417 0.564625 0.326167 0.450250
0 0.773750 0.528250 0.203500 0.593000