6 0.186150 0.394933 0.153549 0.173097
2 0.220197 0.403164 0.083912 0.115998
6 0.305941 0.230581 0.086806 0.149949
2 0.315683 0.241641 0.066551 0.127829
6 0.485243 0.237140 0.070795 0.127058
6 0.660108 0.283436 0.086806 0.169753
2 0.669271 0.307870 0.063850 0.119342
6 0.798804 0.491255 0.129244 0.170267
2 0.769387 0.502315 0.070023 0.145576
5 0.700039 0.905350 0.082948 0.070988
5 0.367380 0.763760 0.059606 0.124228
5 0.514853 0.295010 0.065972 0.153292
5 0.549190 0.306584 0.039738 0.111626
5 0.468075 0.306970 0.026813 0.086677
5 0.550154 0.273405 0.050154 0.107510
5 0.513600 0.277521 0.045332 0.132716
1 0.182002 0.451003 0.030285 0.037809
1 0.275174 0.229038 0.014082 0.044496
1 0.454765 0.252958 0.010224 0.031636
1 0.808642 0.533951 0.020448 0.034465
1 0.630980 0.301569 0.009645 0.022891
0 0.453125 0.419882 0.189815 0.489969
0 0.629051 0.420782 0.250772 0.444444
5 0.730710 0.455247 0.047068 0.057099
0 0.305363 0.390689 0.167824 0.471708
0 0.729456 0.625643 0.399884 0.748714
0 0.224923 0.650720 0.449460 0.698560