2 0.688083 0.285750 0.164833 0.222000
6 0.693000 0.206250 0.207667 0.384500
2 0.330250 0.154500 0.064500 0.180000
6 0.365500 0.132250 0.136333 0.226500
2 0.314000 0.736625 0.141000 0.261250
6 0.316500 0.683375 0.170333 0.372250
2 0.092083 0.045500 0.075167 0.090500
6 0.070250 0.046500 0.117833 0.092500
5 0.174917 0.371375 0.051500 0.066750
5 0.144167 0.396250 0.046667 0.093000
0 0.733250 0.505375 0.505833 0.989250
0 0.323167 0.463000 0.343000 0.925500
0 0.311583 0.749000 0.364500 0.502000
0 0.098167 0.499250 0.196000 0.998000