6 0.523833 0.429762 0.230411 0.388290
6 0.064080 0.257878 0.127908 0.235617
6 0.118476 0.151555 0.115709 0.199431
6 0.187586 0.119435 0.063766 0.144948
6 0.797258 0.156536 0.102880 0.180524
6 0.961451 0.243952 0.077097 0.223216
2 0.088857 0.280545 0.069048 0.176865
2 0.141932 0.182456 0.061250 0.140069
2 0.195762 0.142509 0.034838 0.065054
2 0.784052 0.172291 0.076468 0.136816
2 0.905798 0.317951 0.092064 0.121163
1 0.809144 0.184997 0.022764 0.053263
1 0.423217 0.480382 0.027669 0.105306
1 0.607785 0.568510 0.037605 0.099410
1 0.933593 0.326896 0.026663 0.063021
1 0.072444 0.315003 0.025406 0.073795
5 0.246258 0.612828 0.068419 0.113234
5 0.241102 0.615776 0.087536 0.113438
5 0.208905 0.450701 0.043013 0.098801
5 0.713810 0.313275 0.046158 0.078878
5 0.704628 0.440130 0.057729 0.099207
5 0.795372 0.553771 0.046535 0.058142
0 0.481260 0.614353 0.564583 0.766823
0 0.746510 0.261130 0.252924 0.418581
0 0.836624 0.454666 0.326751 0.658061
0 0.142624 0.473877 0.284996 0.672088
0 0.147214 0.245782 0.192051 0.395202
0 0.214816 0.186928 0.136838 0.300264