6 0.327000 0.751000 0.085500 0.059000
6 0.650375 0.623250 0.071750 0.061833
6 0.731875 0.728333 0.084750 0.051667
2 0.347375 0.758167 0.044750 0.046667
2 0.655125 0.640833 0.058750 0.029000
2 0.706750 0.735250 0.034000 0.036500
1 0.313875 0.774417 0.016250 0.010833
1 0.620250 0.624750 0.010500 0.014167
5 0.567875 0.698417 0.032250 0.043500
5 0.639000 0.753167 0.039000 0.029333
5 0.605000 0.782000 0.035500 0.029667
5 0.416500 0.766417 0.043000 0.050833
3 0.364875 0.642500 0.025250 0.040667
3 0.372000 0.647667 0.028500 0.042000
3 0.571375 0.715833 0.039250 0.030333
0 0.345250 0.776000 0.188000 0.297667
0 0.597125 0.714333 0.258250 0.241667
0 0.693000 0.822417 0.209500 0.233833