2 0.202970 0.387239 0.053197 0.093380
6 0.195251 0.375787 0.072328 0.113265
2 0.402920 0.421722 0.040611 0.071734
6 0.395368 0.411276 0.056721 0.092625
2 0.529367 0.402844 0.037087 0.064183
6 0.528444 0.387491 0.046316 0.097911
2 0.704816 0.418701 0.039940 0.067707
6 0.709935 0.409640 0.053197 0.087340
2 0.906696 0.332998 0.046652 0.094639
6 0.926498 0.314875 0.085920 0.131890
1 0.171254 0.369997 0.012922 0.034734
1 0.379258 0.418072 0.008391 0.023156
1 0.513173 0.400956 0.008391 0.020639
1 0.547827 0.384596 0.006545 0.021143
5 0.247189 0.572363 0.045645 0.061918
5 0.298540 0.610622 0.010404 0.020639
5 0.371371 0.553234 0.024836 0.044299
5 0.417100 0.559275 0.029703 0.037251
5 0.586843 0.572363 0.022151 0.043292
5 0.669324 0.544928 0.020305 0.026680
5 0.695587 0.565693 0.033563 0.032469
5 0.808105 0.565190 0.035409 0.056129
5 0.797953 0.555751 0.022487 0.036245
0 0.407115 0.633023 0.149354 0.533602
0 0.256587 0.624969 0.324215 0.618676
0 0.860547 0.571105 0.278906 0.641832
0 0.558483 0.610873 0.153717 0.544677
0 0.686441 0.621067 0.224702 0.512711