2 0.848545 0.466824 0.063823 0.092197
2 0.288194 0.221546 0.007275 0.011183
2 0.138145 0.207505 0.009094 0.017396
6 0.542989 0.354498 0.047288 0.080765
6 0.859210 0.431039 0.108631 0.163767
6 0.289517 0.219558 0.010582 0.018141
6 0.136739 0.204647 0.013558 0.022614
5 0.686425 0.665383 0.044147 0.093688
5 0.954365 0.826541 0.082011 0.076541
5 0.176835 0.571322 0.030589 0.045229
5 0.146577 0.585860 0.028604 0.032058
5 0.594659 0.478504 0.011739 0.024602
5 0.582920 0.464463 0.016700 0.024354
5 0.151207 0.260189 0.007110 0.012425
5 0.281746 0.260313 0.004960 0.007704
5 0.129630 0.207505 0.007937 0.010934
6 0.513310 0.244036 0.007771 0.018887
1 0.511161 0.246024 0.002480 0.004970
0 0.536376 0.440234 0.130622 0.254722
0 0.292411 0.237326 0.024967 0.057157
0 0.096396 0.666377 0.192460 0.658797
0 0.137153 0.261307 0.041171 0.134443
0 0.810516 0.587724 0.301257 0.473161
0 0.514468 0.257952 0.017030 0.047217