6 0.100694 0.419946 0.113426 0.075231
2 0.125386 0.431424 0.063014 0.051890
6 0.531379 0.323110 0.092078 0.079090
2 0.510674 0.338252 0.049640 0.048804
6 0.873328 0.278356 0.077418 0.066358
2 0.857767 0.287905 0.045782 0.045718
6 0.740869 0.744888 0.084105 0.070409
2 0.414352 0.698978 0.080247 0.084298
6 0.402135 0.670814 0.056327 0.027971
5 0.151749 0.509742 0.034465 0.038002
5 0.431199 0.655768 0.049126 0.029128
5 0.708719 0.700328 0.042953 0.049961
5 0.845036 0.730421 0.030607 0.036458
5 0.856481 0.436921 0.041152 0.047840
5 0.812114 0.431327 0.034722 0.043981
5 0.510545 0.417631 0.030864 0.025849
5 0.492284 0.427951 0.017490 0.024498
1 0.379501 0.706790 0.005916 0.013889
0 0.414480 0.746142 0.198302 0.211806
0 0.516718 0.361690 0.159979 0.157407
0 0.133873 0.479360 0.221451 0.234182
0 0.859439 0.352623 0.196245 0.216821
0 0.738040 0.786073 0.245628 0.224537