6 0.309071 0.216207 0.157830 0.251724
2 0.358029 0.254943 0.059914 0.154943
6 0.624885 0.215517 0.124732 0.255402
2 0.612933 0.267931 0.092246 0.153333
1 0.668940 0.242989 0.024671 0.059770
1 0.320411 0.255862 0.020227 0.045057
5 0.439473 0.618046 0.097456 0.089885
5 0.487435 0.670115 0.052406 0.051954
4 0.306850 0.164138 0.163193 0.177931
4 0.615614 0.163333 0.160742 0.158391
7 0.337266 0.591954 0.297885 0.523678
0 0.337266 0.537701 0.298498 0.924598
0 0.647487 0.542644 0.350444 0.914713
3 0.524900 0.828966 0.093625 0.159540
3 0.720886 0.854253 0.100981 0.161839