6 0.048425 0.342785 0.014721 0.030478
6 0.331095 0.382716 0.020145 0.028549
6 0.452221 0.426890 0.019628 0.038966
6 0.600723 0.547261 0.025310 0.045139
6 0.893595 0.369985 0.016529 0.031636
2 0.452350 0.430556 0.017820 0.027006
1 0.600981 0.551505 0.007231 0.015046
1 0.335098 0.385802 0.006973 0.014660
5 0.452738 0.506944 0.012913 0.016975
5 0.462552 0.505015 0.009814 0.015432
5 0.907154 0.448495 0.008523 0.011960
3 0.593233 0.657215 0.013946 0.023534
3 0.627324 0.688657 0.018595 0.023148
3 0.353822 0.435957 0.008264 0.018519
3 0.331353 0.461998 0.009814 0.021991
5 0.065212 0.397184 0.010072 0.013503
5 0.874613 0.431520 0.006457 0.011960
0 0.616090 0.622685 0.056043 0.190586
0 0.454675 0.511960 0.048295 0.209105
0 0.058755 0.404900 0.046229 0.147762
0 0.895145 0.436343 0.047004 0.161265
0 0.347366 0.455826 0.046488 0.167052