2 0.194658 0.328060 0.098813 0.281119
6 0.125175 0.278766 0.235335 0.376046
2 0.441166 0.349634 0.098813 0.212866
6 0.438984 0.334467 0.126571 0.250523
2 0.871247 0.265560 0.088862 0.193776
6 0.886522 0.244247 0.135475 0.236402
1 0.387221 0.347934 0.017109 0.065115
1 0.493453 0.341527 0.010999 0.058577
1 0.115398 0.336689 0.042598 0.112709
1 0.929469 0.275105 0.028980 0.057531
5 0.528893 0.819430 0.155552 0.184885
5 0.690642 0.708421 0.076816 0.130230
5 0.754976 0.668802 0.057786 0.062500
5 0.960108 0.740717 0.064420 0.086036
0 0.673970 0.600941 0.652060 0.789749
0 0.840084 0.531250 0.319832 0.852249
0 0.372818 0.543279 0.744239 0.913441