6 0.746864 0.330115 0.132056 0.239562
6 0.412718 0.434760 0.127178 0.204593
6 0.190244 0.373565 0.147735 0.263831
2 0.731882 0.364040 0.088502 0.169624
2 0.441638 0.451983 0.073519 0.169102
2 0.219512 0.419233 0.071080 0.171451
1 0.781620 0.363909 0.027700 0.060804
5 0.785453 0.808325 0.058711 0.052453
5 0.524390 0.817980 0.071429 0.081159
5 0.544861 0.821503 0.067422 0.085595
5 0.336411 0.854254 0.072125 0.073852
5 0.271777 0.821373 0.059233 0.030010
0 0.762282 0.519703 0.370906 0.630741
0 0.424564 0.603993 0.313589 0.562370
0 0.186063 0.620694 0.372125 0.755480