6 0.200521 0.484375 0.078125 0.064876
6 0.289611 0.485289 0.097314 0.082054
6 0.600603 0.397387 0.061404 0.064145
2 0.597314 0.403509 0.051535 0.053363
6 0.474095 0.474324 0.054002 0.043311
6 0.960938 0.493695 0.078125 0.065607
2 0.989446 0.501827 0.021107 0.047149
6 0.847862 0.527504 0.120066 0.102887
2 0.866091 0.539291 0.083059 0.078582
5 0.427906 0.620340 0.046053 0.026133
5 0.446409 0.529879 0.037555 0.027595
5 0.489309 0.517544 0.034539 0.027412
5 0.677906 0.557200 0.031250 0.036915
5 0.963130 0.757767 0.073739 0.045504
5 0.026179 0.577120 0.039200 0.026681
1 0.172834 0.498538 0.009046 0.018640
1 0.228618 0.500274 0.010417 0.015168
1 0.319079 0.496436 0.011513 0.021747
1 0.455455 0.479715 0.006853 0.012427
1 0.626096 0.395468 0.009868 0.016813
1 0.820998 0.536550 0.011513 0.027047
0 0.948876 0.562683 0.102248 0.204313
0 0.861705 0.670139 0.274945 0.390716
0 0.586897 0.470121 0.236842 0.208516
0 0.442023 0.520468 0.118147 0.136696
0 0.123904 0.608004 0.233553 0.315789
0 0.304962 0.632219 0.290844 0.382127