2 0.109522 0.404948 0.081573 0.212771
2 0.398928 0.263709 0.060773 0.124787
2 0.678664 0.405679 0.071986 0.095784
2 0.896328 0.378016 0.081573 0.156471
6 0.685570 0.389349 0.082223 0.159639
6 0.924521 0.354375 0.150959 0.215452
6 0.398278 0.239337 0.141046 0.227638
6 0.090591 0.378869 0.143809 0.271752
1 0.717420 0.400195 0.019500 0.041433
1 0.941014 0.394467 0.018525 0.037290
1 0.076373 0.394833 0.018850 0.064343
5 0.765356 0.707897 0.077673 0.090909
5 0.674358 0.697782 0.101072 0.106264
5 0.596360 0.698879 0.056549 0.070436
5 0.601722 0.477577 0.048424 0.075311
5 0.409246 0.665611 0.067761 0.134536
5 0.397546 0.583232 0.035587 0.078479
5 0.144865 0.716427 0.055736 0.088472
5 0.048018 0.868511 0.066136 0.095296
0 0.672814 0.514258 0.225382 0.420180
0 0.092216 0.612235 0.184433 0.765294
0 0.810367 0.626371 0.379266 0.740434
0 0.329136 0.426273 0.319305 0.635145