6 0.266369 0.413728 0.155060 0.185045
6 0.397693 0.472210 0.115923 0.169420
6 0.611830 0.399442 0.145685 0.192634
1 0.588021 0.448884 0.031994 0.040625
1 0.269048 0.451562 0.029762 0.042857
5 0.104613 0.433817 0.063095 0.087277
5 0.149405 0.436719 0.043452 0.077009
5 0.456920 0.171540 0.049554 0.144420
5 0.467113 0.139174 0.055357 0.092634
5 0.791741 0.202902 0.074851 0.186161
5 0.862723 0.330022 0.085565 0.082366
6 0.835640 0.682701 0.101042 0.154688
4 0.273735 0.390067 0.145387 0.139955
4 0.398140 0.463616 0.109375 0.154464
4 0.605208 0.402455 0.127976 0.195982
4 0.836979 0.682701 0.098065 0.166295
0 0.208631 0.657143 0.271131 0.685714
0 0.413542 0.541295 0.255655 0.913393
0 0.722321 0.556920 0.362500 0.886161
0 0.853348 0.672210 0.180506 0.573438