6 0.488733 0.374207 0.085324 0.154068
6 0.592931 0.503029 0.111133 0.186671
6 0.372689 0.368148 0.104777 0.209463
2 0.584746 0.506924 0.088213 0.168494
2 0.493644 0.398298 0.070108 0.096076
2 0.370763 0.384882 0.081664 0.167917
1 0.326367 0.406376 0.014445 0.048759
1 0.632704 0.519908 0.016564 0.046163
1 0.418047 0.413589 0.015216 0.041258
5 0.505297 0.651039 0.059515 0.127236
5 0.456568 0.721293 0.067219 0.120023
5 0.215716 0.148442 0.204931 0.190710
0 0.279854 0.493076 0.404854 0.986151
0 0.480836 0.645701 0.153505 0.708598
0 0.642431 0.704270 0.332242 0.591460