6 0.056796 0.532420 0.113593 0.186415
2 0.074993 0.559822 0.077199 0.133153
6 0.169148 0.150714 0.092363 0.169433
2 0.181417 0.180818 0.067825 0.107680
6 0.410119 0.330760 0.073615 0.162100
2 0.414116 0.367040 0.067273 0.087225
6 0.603391 0.195098 0.074717 0.138557
2 0.589054 0.219799 0.046044 0.087611
6 0.688586 0.411810 0.095120 0.161328
2 0.671905 0.441528 0.060656 0.100347
5 0.204301 0.938055 0.062862 0.085295
5 0.277778 0.787148 0.057623 0.063682
5 0.434243 0.629680 0.045768 0.064454
5 0.440998 0.591856 0.041081 0.045928
5 0.531569 0.589155 0.038048 0.050560
5 0.573890 0.584137 0.060380 0.042841
5 0.523160 0.517368 0.030052 0.025087
1 0.025917 0.575453 0.024262 0.040139
1 0.142128 0.169433 0.015164 0.033964
1 0.377860 0.336550 0.010753 0.037051
1 0.706369 0.461212 0.013234 0.017754
0 0.586022 0.324778 0.169010 0.401003
0 0.149297 0.359900 0.204301 0.583944
0 0.400882 0.442879 0.189688 0.436511
0 0.663220 0.528560 0.300800 0.397144
0 0.153157 0.718834 0.306314 0.559244