6 0.818583 0.883750 0.224167 0.232500
2 0.628083 0.023375 0.070500 0.046250
6 0.274083 0.084250 0.129167 0.168000
2 0.299417 0.101875 0.078500 0.133250
5 0.350583 0.854625 0.058167 0.149750
5 0.515167 0.907500 0.063000 0.132500
5 0.169583 0.731000 0.095167 0.079500
5 0.052833 0.974625 0.105333 0.050750
5 0.575500 0.327000 0.110333 0.115000
5 0.604083 0.296000 0.073167 0.071500
5 0.684167 0.292250 0.048667 0.084000
5 0.418833 0.403250 0.072333 0.058500
0 0.744667 0.634625 0.450667 0.730750
0 0.305333 0.233375 0.302333 0.466250
0 0.574250 0.168250 0.270167 0.336000