6 0.319114 0.223658 0.160384 0.355865
6 0.568204 0.556909 0.060351 0.107853
6 0.652695 0.617917 0.099041 0.184145
6 0.788277 0.542122 0.059358 0.087724
6 0.928654 0.604498 0.076554 0.106610
2 0.311673 0.284791 0.154101 0.228628
2 0.648975 0.639662 0.077712 0.118787
2 0.790013 0.558648 0.050926 0.065606
2 0.571925 0.563494 0.045304 0.070328
2 0.930142 0.605368 0.053406 0.078529
5 0.152364 0.393017 0.267361 0.457505
5 0.937417 0.653579 0.038856 0.057157
0 0.230159 0.521496 0.460317 0.941600
0 0.561012 0.599155 0.079696 0.175447
0 0.919560 0.665010 0.160880 0.225149
0 0.634507 0.752609 0.221726 0.494781