2 0.331404 0.263026 0.108010 0.186296
6 0.313878 0.230550 0.143695 0.268380
2 0.667724 0.213300 0.122760 0.266238
6 0.704441 0.186414 0.202220 0.327623
2 0.056780 0.071616 0.031721 0.071378
6 0.067645 0.068047 0.054718 0.085177
1 0.739096 0.236974 0.041872 0.071378
5 0.200714 0.596479 0.107058 0.095646
5 0.143933 0.573638 0.059477 0.093743
5 0.213799 0.204378 0.041237 0.059005
5 0.602220 0.741137 0.183347 0.146086
5 0.434734 0.691768 0.142427 0.163931
0 0.652657 0.465263 0.577637 0.899120
0 0.294370 0.399120 0.362887 0.614085
0 0.121570 0.148822 0.226328 0.258149