6 0.440155 0.192862 0.040850 0.067096
6 0.342320 0.345895 0.037582 0.075368
6 0.215686 0.361213 0.033497 0.101103
2 0.444751 0.206648 0.026757 0.045037
2 0.342422 0.369638 0.025940 0.021752
2 0.215686 0.381740 0.023693 0.057598
1 0.427185 0.204197 0.007557 0.021752
1 0.227022 0.362745 0.009191 0.029412
5 0.458027 0.230392 0.018995 0.042892
5 0.494077 0.354933 0.025735 0.029105
5 0.327206 0.487132 0.021242 0.028799
5 0.349367 0.501532 0.022263 0.022672
5 0.327308 0.632506 0.026348 0.048713
0 0.453942 0.409926 0.110907 0.507966
0 0.266136 0.488205 0.135621 0.342831
0 0.339154 0.480699 0.103962 0.357230