6 0.775565 0.267390 0.100079 0.173306
2 0.764467 0.285969 0.067975 0.132580
6 0.310444 0.287158 0.083432 0.152794
2 0.327190 0.315993 0.049148 0.097503
6 0.319065 0.132580 0.040032 0.073722
2 0.321641 0.147444 0.034879 0.043995
6 0.164586 0.045482 0.048553 0.069560
5 0.373464 0.584423 0.040230 0.067182
5 0.659830 0.650268 0.039834 0.050832
5 0.766944 0.541023 0.072533 0.065398
0 0.750099 0.478151 0.360682 0.591855
0 0.285176 0.195452 0.108997 0.200654
0 0.277447 0.483948 0.241776 0.547562
0 0.417757 0.444263 0.150218 0.259512
0 0.186484 0.224435 0.151011 0.425684