6 0.155583 0.461500 0.122500 0.268500
2 0.170583 0.501750 0.092500 0.184500
6 0.530000 0.416375 0.099333 0.235750
2 0.526250 0.476875 0.078167 0.114750
6 0.887750 0.487375 0.175833 0.295250
2 0.815500 0.567125 0.031333 0.133250
5 0.227250 0.762625 0.114500 0.089250
5 0.291583 0.739875 0.038167 0.070750
5 0.554167 0.726250 0.034000 0.073500
5 0.567000 0.790750 0.108667 0.052500
5 0.534917 0.828500 0.100833 0.074000
1 0.116667 0.472875 0.021667 0.061250
1 0.571000 0.427125 0.016333 0.053750
0 0.155500 0.616125 0.311000 0.585250
0 0.742167 0.669750 0.514667 0.660500
0 0.549250 0.525375 0.322833 0.474250