6 0.763123 0.153452 0.021118 0.036990
2 0.761902 0.158396 0.017944 0.027834
1 0.771912 0.150888 0.003052 0.010987
6 0.618591 0.250778 0.035522 0.066838
1 0.627258 0.251694 0.005981 0.013001
2 0.617371 0.267259 0.024536 0.033144
1 0.448059 0.260850 0.004028 0.011170
6 0.444458 0.265977 0.024170 0.035708
6 0.297791 0.147867 0.026245 0.051090
1 0.303162 0.155649 0.004761 0.014649
6 0.337463 0.154276 0.014526 0.026552
1 0.333130 0.158121 0.003174 0.007508
2 0.339539 0.158121 0.010376 0.019960
5 0.760986 0.455960 0.039062 0.038088
5 0.607422 0.367240 0.019531 0.027284
5 0.758972 0.200879 0.018677 0.020143
5 0.473206 0.459989 0.023315 0.038454
3 0.403381 0.664073 0.207886 0.158396
3 0.364258 0.630287 0.035156 0.053470
3 0.477783 0.320179 0.013184 0.034609
3 0.473022 0.348746 0.007324 0.016297
5 0.303406 0.454953 0.026001 0.019593
5 0.321350 0.193005 0.010620 0.013551
5 0.351257 0.211958 0.008911 0.011536
0 0.337402 0.223585 0.116455 0.206922
0 0.358521 0.196393 0.084229 0.109321
0 0.634521 0.322377 0.088379 0.210035
0 0.765625 0.171947 0.048584 0.085699
0 0.285950 0.589544 0.444458 0.645486
0 0.344788 0.398187 0.166626 0.384728
0 0.430725 0.314686 0.082153 0.184032
0 0.546387 0.389123 0.169922 0.286028
0 0.822327 0.619941 0.355347 0.660502
0 0.912781 0.402216 0.149780 0.292071