6 0.059132 0.222337 0.118265 0.254041
2 0.071705 0.249275 0.095883 0.203481
6 0.414894 0.388728 0.106936 0.188148
2 0.402459 0.405305 0.079856 0.154165
6 0.712075 0.195814 0.078475 0.155408
2 0.703924 0.209076 0.062725 0.128056
6 0.888367 0.490054 0.155292 0.268131
2 0.865018 0.519685 0.110251 0.209697
5 0.227411 0.830916 0.086212 0.044758
5 0.484388 0.818276 0.060790 0.086614
5 0.327162 0.498757 0.060238 0.115624
5 0.590080 0.842934 0.084830 0.097804
5 0.637883 0.942603 0.127936 0.111479
5 0.611219 0.355367 0.037579 0.089930
5 0.697292 0.507874 0.072672 0.050145
1 0.931196 0.519892 0.034264 0.067551
1 0.734595 0.235599 0.010224 0.021964
1 0.447499 0.399710 0.014092 0.045172
1 0.014645 0.217779 0.021553 0.062578
0 0.135258 0.485702 0.270517 0.779942
0 0.370406 0.584335 0.329096 0.583506
0 0.773971 0.645462 0.452059 0.704932
0 0.703371 0.479279 0.220779 0.728139