6 0.341340 0.352590 0.075964 0.165339
6 0.544049 0.327067 0.055851 0.115289
6 0.711270 0.328934 0.051862 0.111554
2 0.542055 0.337649 0.050532 0.102590
2 0.337766 0.366160 0.061170 0.135209
2 0.714927 0.334910 0.050864 0.104084
1 0.373338 0.360309 0.013298 0.036355
1 0.736287 0.345867 0.010805 0.024402
5 0.675199 0.846365 0.142952 0.159861
5 0.733793 0.784114 0.079621 0.098108
5 0.532580 0.540712 0.037234 0.020667
0 0.356965 0.443227 0.148438 0.340139
0 0.701213 0.390314 0.107214 0.236803
0 0.546626 0.404507 0.142121 0.272161
0 0.797540 0.510209 0.404920 0.967629