5 0.205226 0.449872 0.048582 0.028363
5 0.174107 0.461591 0.033088 0.028954
5 0.253676 0.543037 0.028887 0.042939
5 0.413340 0.542840 0.032038 0.042939
5 0.502363 0.458243 0.046218 0.030924
5 0.531513 0.474394 0.045168 0.030530
5 0.741203 0.482568 0.050683 0.025606
5 0.675289 0.523833 0.038603 0.024227
6 0.186318 0.290821 0.078519 0.083711
2 0.197085 0.303526 0.053834 0.059090
6 0.337054 0.297617 0.077994 0.076817
2 0.337579 0.301851 0.065914 0.066378
6 0.547663 0.310026 0.078519 0.076029
2 0.546875 0.318692 0.061712 0.058696
6 0.733325 0.337601 0.082195 0.075635
2 0.718619 0.346366 0.052258 0.055742
1 0.303046 0.295450 0.008403 0.018515
1 0.515362 0.316230 0.005515 0.015954
1 0.750788 0.345775 0.013130 0.022651
0 0.154674 0.521765 0.200630 0.547961
0 0.340599 0.522060 0.198529 0.527280
0 0.534139 0.525704 0.198529 0.511720
0 0.744354 0.542643 0.203519 0.484538
0 0.941308 0.537916 0.113708 0.499902
1 0.982668 0.345972 0.028887 0.026197