6 0.287255 0.614759 0.086804 0.070449
6 0.490718 0.441186 0.071249 0.068856
6 0.694681 0.416959 0.089814 0.073318
5 0.229553 0.611412 0.055695 0.062480
5 0.268189 0.766178 0.061716 0.076187
5 0.444305 0.600574 0.045660 0.041441
5 0.578776 0.617310 0.023583 0.033471
3 0.859759 0.573318 0.064727 0.074912
3 0.605118 0.541760 0.045158 0.033471
1 0.323884 0.608543 0.012544 0.018489
1 0.259659 0.633408 0.016558 0.009563
1 0.461114 0.450430 0.011039 0.017851
1 0.521576 0.450271 0.007526 0.017533
1 0.732815 0.418393 0.011540 0.018808
0 0.222027 0.753108 0.397893 0.349060
0 0.490467 0.608224 0.201204 0.405483
0 0.775464 0.647753 0.387858 0.540644