6 0.870833 0.715250 0.040667 0.062000
6 0.525083 0.707375 0.021500 0.038750
6 0.300667 0.711000 0.023333 0.036500
2 0.523167 0.711625 0.016333 0.025750
2 0.865083 0.727250 0.015833 0.030500
2 0.297250 0.715250 0.013833 0.030500
1 0.528667 0.711875 0.006333 0.010250
1 0.301667 0.713000 0.004667 0.010000
5 0.271167 0.822750 0.011667 0.016000
5 0.491417 0.763125 0.011833 0.015250
5 0.841083 0.822250 0.016500 0.022000
4 0.869583 0.711875 0.040500 0.054750
0 0.537833 0.826500 0.083333 0.277000
0 0.303833 0.828250 0.074667 0.276000
0 0.542833 0.728500 0.024667 0.100500
0 0.863917 0.829500 0.098500 0.283000