6 0.474724 0.478631 0.051011 0.046109
6 0.317670 0.487515 0.051700 0.048866
2 0.471392 0.489430 0.033778 0.027267
2 0.323070 0.491651 0.033088 0.024969
1 0.492417 0.487669 0.008732 0.013940
1 0.302734 0.488817 0.010340 0.011642
5 0.535960 0.582338 0.019072 0.025582
5 0.410846 0.595588 0.017004 0.026654
5 0.370175 0.562347 0.019761 0.017157
5 0.334099 0.554917 0.029412 0.025276
0 0.474954 0.573146 0.144301 0.251685
0 0.322266 0.578585 0.135340 0.255208
7 0.482537 0.538067 0.094210 0.092065
7 0.318244 0.543964 0.093750 0.094056
4 0.317785 0.473269 0.050551 0.028033
4 0.474724 0.469056 0.051471 0.028799
3 0.285846 0.591682 0.022059 0.022825
3 0.434513 0.588771 0.017004 0.028339