2 0.289858 0.268876 0.036792 0.052852
2 0.550943 0.362416 0.028774 0.049497
1 0.742807 0.279153 0.007311 0.013003
1 0.539623 0.333473 0.011321 0.014262
3 0.747877 0.540268 0.038208 0.048658
3 0.707665 0.518666 0.032311 0.052433
3 0.578302 0.512374 0.033019 0.076762
3 0.531958 0.503146 0.027594 0.042366
3 0.295165 0.456166 0.034198 0.051594
3 0.323703 0.438339 0.017689 0.037752
0 0.810259 0.402894 0.245991 0.430789
0 0.603538 0.380243 0.200000 0.318372
0 0.472524 0.349413 0.080425 0.336409
0 0.354835 0.359270 0.205425 0.353607
0 0.250354 0.406250 0.116745 0.263842
0 0.161203 0.454069 0.052123 0.066695
0 0.090330 0.450923 0.050943 0.072987