6 0.485788 0.264129 0.055469 0.112774
6 0.439104 0.250323 0.070629 0.126968
6 0.334453 0.240258 0.053919 0.108387
6 0.809905 0.125935 0.118002 0.172387
2 0.764686 0.151871 0.026529 0.116387
2 0.483549 0.284774 0.043411 0.071484
2 0.433333 0.257032 0.050129 0.108903
2 0.343411 0.252129 0.035659 0.076387
1 0.780189 0.112129 0.014815 0.062710
1 0.326701 0.245032 0.013264 0.031742
5 0.704048 0.490323 0.046512 0.066581
5 0.441085 0.475226 0.040827 0.059613
5 0.394401 0.489419 0.034970 0.067355
5 0.283807 0.441677 0.048407 0.081806
5 0.364513 0.379097 0.022050 0.035097
5 0.384841 0.366065 0.024462 0.042065
0 0.815245 0.279613 0.298880 0.528258
0 0.511972 0.482194 0.175711 0.582452
0 0.393109 0.456129 0.179500 0.595871
0 0.338587 0.445161 0.150388 0.517677