6 0.513024 0.576227 0.029956 0.049477
2 0.506512 0.585479 0.014327 0.027755
6 0.650690 0.549477 0.023444 0.046661
2 0.649909 0.558327 0.017192 0.028158
5 0.483850 0.616653 0.009117 0.016090
3 0.679213 0.648431 0.012243 0.028962
3 0.671920 0.595736 0.013285 0.026549
3 0.371060 0.565567 0.014327 0.030571
4 0.375619 0.496179 0.009898 0.026951
4 0.513024 0.569992 0.029435 0.036203
4 0.650430 0.539220 0.023444 0.026951
0 0.654858 0.651046 0.060432 0.253017
0 0.505340 0.700523 0.061474 0.295656
0 0.379526 0.556919 0.056786 0.153258