2 0.198589 0.319914 0.154170 0.143541
6 0.189805 0.303168 0.192032 0.182973
2 0.647612 0.171341 0.174214 0.170764
6 0.659738 0.146098 0.200445 0.219601
6 0.863153 0.403399 0.273695 0.280482
1 0.114081 0.323461 0.039099 0.045702
1 0.275551 0.300033 0.016580 0.040752
1 0.742390 0.161937 0.029201 0.050982
5 0.365504 0.802590 0.149468 0.118297
5 0.253279 0.484986 0.166543 0.079690
5 0.261074 0.496370 0.221232 0.105428
5 0.222717 0.525903 0.245484 0.055601
0 0.552833 0.402079 0.793863 0.716053
0 0.264167 0.462135 0.526355 0.501237