6 0.379301 0.386325 0.008602 0.016167
0 0.099286 0.903671 0.038616 0.078814
0 0.144308 0.845571 0.036786 0.067026
0 0.189879 0.790333 0.031296 0.066352
0 0.246980 0.727518 0.025805 0.055237
0 0.289714 0.683395 0.026354 0.063995
0 0.333455 0.573257 0.027086 0.056585
0 0.347456 0.542607 0.023609 0.056585
0 0.381680 0.418323 0.025805 0.089592
0 0.689513 0.218592 0.019949 0.051196
0 0.783126 0.216740 0.023060 0.041428
0 0.723005 0.257157 0.019217 0.058269
0 0.742771 0.286292 0.019217 0.075446
0 0.761988 0.305995 0.018485 0.059616
0 0.790996 0.332604 0.023060 0.047491
0 0.812317 0.326373 0.023975 0.051869
0 0.844162 0.352476 0.028734 0.060290
0 0.100659 0.438868 0.033675 0.086224