6 0.301987 0.663744 0.028004 0.027375
6 0.373794 0.685127 0.027815 0.034818
2 0.305487 0.668538 0.018354 0.011227
1 0.292053 0.665006 0.005866 0.006181
5 0.433869 0.742084 0.010596 0.016273
5 0.345317 0.739876 0.010218 0.011101
5 0.326963 0.702851 0.012488 0.010975
0 0.304825 0.721269 0.067739 0.151255
7 0.377862 0.710925 0.064333 0.044784
7 0.297824 0.694210 0.047682 0.046424
4 0.303784 0.656554 0.031599 0.017030
4 0.374361 0.675287 0.026679 0.015895
3 0.416272 0.742967 0.017408 0.018292
0 0.387890 0.740444 0.100662 0.155292