6 0.720987 0.325032 0.039550 0.065396
6 0.586172 0.422694 0.041859 0.068428
6 0.206409 0.688393 0.035797 0.071460
6 0.380485 0.492854 0.035797 0.071026
2 0.380629 0.510178 0.019342 0.029450
2 0.214925 0.711780 0.019342 0.024686
2 0.071594 0.496102 0.020785 0.038545
1 0.715502 0.337375 0.007794 0.022521
1 0.601617 0.419662 0.006351 0.016457
1 0.070872 0.483326 0.008372 0.012126
5 0.691109 0.493071 0.012125 0.040277
5 0.055139 0.623647 0.021363 0.037246
3 0.594688 0.561065 0.027136 0.039411
3 0.443562 0.719359 0.018187 0.029450
3 0.415416 0.715894 0.015012 0.031182
3 0.419024 0.669554 0.012991 0.044175
3 0.334151 0.657861 0.014723 0.047640
3 0.239607 0.796882 0.019630 0.026851
3 0.243360 0.822867 0.017321 0.036379
4 0.722719 0.317453 0.038972 0.054569
4 0.585450 0.415331 0.034642 0.059766
4 0.481813 0.443265 0.035219 0.055002
4 0.381062 0.479861 0.027714 0.041576
4 0.206409 0.684495 0.032910 0.058467
4 0.069717 0.472282 0.038395 0.061932
4 0.441830 0.537895 0.045323 0.041576
7 0.733978 0.428107 0.067841 0.126029
7 0.634815 0.489606 0.080831 0.128627
7 0.502454 0.533131 0.052829 0.111737
7 0.447460 0.622131 0.043880 0.086184
7 0.384238 0.583586 0.055427 0.110437
7 0.261980 0.720658 0.067263 0.087484
7 0.046334 0.559550 0.059180 0.132525
7 0.044313 0.941966 0.088048 0.092681
0 0.051097 0.645734 0.080254 0.427025
0 0.243938 0.754439 0.124134 0.197488
0 0.386692 0.641187 0.079965 0.377220
0 0.735133 0.485708 0.089203 0.392811
0 0.627165 0.537895 0.140589 0.334344
0 0.505196 0.506280 0.099307 0.210481
0 0.453522 0.652663 0.081986 0.278042