2 0.386917 0.186500 0.067833 0.142000
6 0.383417 0.158375 0.089167 0.198750
2 0.303917 0.426000 0.084833 0.199500
6 0.284000 0.392875 0.137333 0.269750
6 0.182583 0.506375 0.246500 0.350250
2 0.825500 0.238125 0.092000 0.183250
6 0.842667 0.210750 0.129667 0.233000
5 0.518917 0.207250 0.046833 0.087000
5 0.720667 0.595500 0.056667 0.081000
5 0.870000 0.649250 0.077000 0.088000
5 0.381333 0.631625 0.047667 0.059750
5 0.371333 0.744000 0.074000 0.094500
5 0.355083 0.832875 0.062833 0.064250
1 0.881750 0.238500 0.024500 0.057000
1 0.347583 0.173875 0.015500 0.041750
0 0.821333 0.456000 0.357333 0.738500
0 0.443417 0.316500 0.259833 0.522500
0 0.310917 0.534000 0.194833 0.565500
0 0.252500 0.664125 0.472667 0.671750