5 0.167553 0.707750 0.005984 0.012500
5 0.162733 0.679750 0.005652 0.008500
5 0.246177 0.602750 0.006981 0.012500
5 0.347573 0.614000 0.007646 0.012000
5 0.319481 0.260750 0.003989 0.008500
5 0.529255 0.425750 0.005319 0.009500
5 0.792221 0.550500 0.007314 0.010000
4 0.799202 0.495750 0.016622 0.017500
4 0.658910 0.573750 0.015293 0.019500
4 0.362035 0.617500 0.016622 0.022000
4 0.239029 0.650500 0.017287 0.020000
4 0.185672 0.638000 0.016290 0.019000
4 0.167719 0.628250 0.012301 0.014500
4 0.257314 0.546500 0.011303 0.020000
4 0.323637 0.247250 0.011636 0.013500
7 0.365193 0.655750 0.025598 0.056500
7 0.240691 0.698750 0.027261 0.062500
7 0.151097 0.658000 0.031582 0.059000
7 0.549036 0.418250 0.021609 0.046500
7 0.833610 0.646250 0.027593 0.022500
7 0.488863 0.756500 0.027593 0.035000
3 0.634641 0.647500 0.010638 0.013000
0 0.154089 0.690500 0.038231 0.141000
0 0.191988 0.707000 0.056184 0.157000
0 0.245678 0.724000 0.044548 0.175000
0 0.240691 0.592750 0.045878 0.111500
0 0.359043 0.686500 0.037234 0.168000
0 0.653757 0.645250 0.050199 0.161500
0 0.804189 0.569500 0.033910 0.167000
0 0.327626 0.296500 0.028258 0.113000
0 0.543218 0.443750 0.034574 0.098500