6 0.109491 0.671808 0.020061 0.035398
2 0.109238 0.674336 0.017869 0.029836
6 0.149528 0.673325 0.016858 0.035398
2 0.149865 0.676738 0.015846 0.026549
6 0.179703 0.619216 0.018206 0.027307
2 0.179535 0.621113 0.014160 0.023515
6 0.227748 0.577623 0.013149 0.027054
2 0.227411 0.580025 0.011463 0.019722
6 0.256490 0.540708 0.011632 0.026549
2 0.256153 0.542225 0.010958 0.022503
6 0.279922 0.541846 0.010620 0.023262
2 0.279922 0.544501 0.009609 0.017446
6 0.291723 0.525790 0.010958 0.019975
2 0.291723 0.525664 0.007249 0.015171
6 0.342043 0.478382 0.010115 0.017193
2 0.344656 0.479772 0.004214 0.010872
6 0.350978 0.470796 0.007417 0.017699
2 0.351146 0.471176 0.005394 0.013401
6 0.358227 0.471302 0.007755 0.017699
2 0.357889 0.472819 0.006069 0.010619
6 0.366571 0.471049 0.008935 0.014159
2 0.364633 0.471681 0.005394 0.012389
6 0.314144 0.698104 0.014329 0.030341
6 0.342549 0.717952 0.012475 0.024020
6 0.642616 0.754741 0.019892 0.033881
2 0.639329 0.757269 0.011295 0.025284
6 0.579316 0.793047 0.010283 0.017952
6 0.835384 0.632491 0.017701 0.026549
6 0.765341 0.570544 0.017532 0.021997
2 0.760705 0.572693 0.007249 0.017699
6 0.756153 0.550822 0.015003 0.023515
6 0.698753 0.491277 0.008766 0.014665
6 0.677933 0.462453 0.008260 0.010114
6 0.651972 0.490645 0.006912 0.006827
1 0.115981 0.673072 0.004046 0.009102
1 0.156524 0.677750 0.003203 0.009861
1 0.317599 0.701264 0.002360 0.007332
1 0.347438 0.720354 0.002697 0.005563
1 0.283715 0.542984 0.001686 0.005310
1 0.342212 0.478382 0.001686 0.005563
1 0.367498 0.470417 0.001686 0.005815
1 0.646156 0.754362 0.003709 0.010367
1 0.832603 0.636789 0.002697 0.007332
1 0.765678 0.572061 0.002697 0.005815
1 0.676416 0.463590 0.002866 0.005815
2 0.341537 0.719722 0.009777 0.018458
5 0.086733 0.778508 0.010620 0.017699
3 0.155344 0.780152 0.013992 0.028066
5 0.159305 0.636536 0.007080 0.016941
5 0.167481 0.661694 0.013318 0.014159
5 0.233311 0.652971 0.008429 0.012389
5 0.194454 0.634513 0.008597 0.012389
5 0.255900 0.585082 0.008766 0.013148
5 0.274612 0.564349 0.006069 0.014665
5 0.298466 0.574463 0.004889 0.013148
5 0.321645 0.508976 0.007080 0.008597
5 0.344572 0.523009 0.004383 0.007332
5 0.355192 0.507332 0.004046 0.010367
5 0.374494 0.500253 0.006912 0.008850
5 0.350303 0.796334 0.010452 0.012895
5 0.329063 0.768647 0.006743 0.011631
5 0.822657 0.720607 0.006069 0.009608
5 0.615728 0.802149 0.004889 0.007838
5 0.738537 0.621745 0.005394 0.009102
5 0.784137 0.655626 0.005900 0.008091
5 0.788351 0.590898 0.006575 0.010619
5 0.750421 0.624652 0.007249 0.012389
0 0.338334 0.779014 0.036750 0.149178
0 0.605192 0.812516 0.106541 0.152465
0 0.762559 0.612769 0.052428 0.109482
0 0.255057 0.603161 0.035738 0.151454
0 0.332687 0.514159 0.029501 0.088748
0 0.366234 0.495322 0.024107 0.062200
0 0.359154 0.477118 0.010620 0.027307
0 0.351652 0.499115 0.013486 0.071302
0 0.144808 0.758154 0.047876 0.203540
0 0.100472 0.740708 0.057653 0.174716
0 0.216537 0.641340 0.051416 0.158534
0 0.291891 0.570291 0.021409 0.113527
0 0.276467 0.593932 0.026635 0.128951
0 0.174140 0.673578 0.046527 0.136536
0 0.841453 0.705183 0.044336 0.175474
0 0.703220 0.530341 0.019386 0.092288
0 0.681979 0.503034 0.021746 0.090265
0 0.656524 0.514539 0.016352 0.056637
0 0.620870 0.499494 0.022589 0.040202
0 0.312964 0.780405 0.042313 0.198989
0 0.576365 0.832364 0.039447 0.093552