2 0.243857 0.442992 0.099143 0.136734
6 0.234714 0.397557 0.119714 0.230176
2 0.512429 0.354051 0.076857 0.128590
6 0.505429 0.323832 0.091429 0.184741
6 0.792571 0.387484 0.066286 0.122589
2 0.852571 0.466352 0.056571 0.073725
6 0.857429 0.442135 0.068571 0.123018
1 0.473000 0.328547 0.014571 0.038148
1 0.186000 0.402486 0.021143 0.060009
1 0.883286 0.450922 0.011143 0.030862
1 0.782000 0.397771 0.012000 0.030862
5 0.675857 0.755679 0.063143 0.098586
5 0.314286 0.804115 0.029714 0.088298
5 0.872286 0.665881 0.050286 0.055294
5 0.848143 0.661166 0.023714 0.040720
5 0.722143 0.641234 0.040857 0.054008
0 0.852000 0.584012 0.186857 0.411916
0 0.500143 0.588727 0.411143 0.711959
0 0.213714 0.640806 0.222286 0.718388
0 0.789143 0.451565 0.102857 0.249036