5 0.706787 0.616737 0.036377 0.063725
5 0.663452 0.427760 0.046875 0.059330
5 0.585815 0.354605 0.030029 0.064274
3 0.835022 0.327779 0.032104 0.058597
3 0.352112 0.264420 0.082642 0.146860
3 0.248291 0.322377 0.045410 0.150705
3 0.218994 0.707196 0.082764 0.171397
3 0.085083 0.898370 0.169922 0.087896
0 0.170227 0.610419 0.228394 0.283281
0 0.325989 0.223952 0.207886 0.353415
0 0.690125 0.292712 0.239624 0.418055
0 0.899231 0.239333 0.201538 0.388940
0 0.829285 0.661784 0.321167 0.476836
0 0.124390 0.093573 0.100342 0.186779