6 0.236448 0.550292 0.142099 0.099969
2 0.262976 0.573670 0.076586 0.053214
6 0.598962 0.449016 0.140023 0.111504
2 0.602537 0.485543 0.070127 0.039373
6 0.771742 0.598816 0.144175 0.095817
2 0.727566 0.602353 0.055363 0.076746
1 0.217070 0.577130 0.026759 0.022301
5 0.370012 0.684712 0.062745 0.031375
5 0.426874 0.709013 0.090196 0.033836
5 0.556401 0.636958 0.062284 0.028453
5 0.529527 0.674715 0.051903 0.038142
5 0.571280 0.665411 0.044983 0.017687
5 0.692849 0.738311 0.066205 0.037681
0 0.751672 0.756152 0.496655 0.410181
0 0.266897 0.667026 0.411995 0.330975
0 0.665398 0.532682 0.326874 0.278530