2 0.334397 0.376229 0.143266 0.119442
6 0.326915 0.334263 0.181998 0.204842
2 0.715889 0.319296 0.161092 0.122377
6 0.722381 0.290095 0.176717 0.178430
2 0.914283 0.718635 0.066681 0.098753
6 0.940031 0.678063 0.119938 0.179897
1 0.259683 0.357227 0.012324 0.026853
1 0.806888 0.288041 0.025308 0.034629
5 0.362786 0.692883 0.095290 0.097726
5 0.202355 0.663903 0.039833 0.055613
5 0.588798 0.514747 0.118618 0.075128
5 0.913842 0.487087 0.107174 0.052384
5 0.726122 0.756420 0.077685 0.107410
0 0.292143 0.475642 0.455326 0.532208
0 0.729203 0.381878 0.478213 0.364343
0 0.807879 0.794791 0.384243 0.410418