6 0.337383 0.372321 0.055719 0.092018
2 0.524914 0.404287 0.038046 0.075388
6 0.532278 0.388396 0.058174 0.113821
2 0.685690 0.408352 0.042464 0.054693
6 0.689617 0.378049 0.060137 0.117517
2 0.758837 0.516260 0.029701 0.056911
6 0.773073 0.489837 0.071429 0.112712
5 0.458763 0.549520 0.030928 0.060606
5 0.495459 0.496674 0.027737 0.039172
5 0.620643 0.507945 0.023319 0.036585
5 0.686917 0.445492 0.036082 0.048411
5 0.684217 0.652254 0.027246 0.042129
5 0.439740 0.519771 0.017919 0.046194
1 0.550319 0.396896 0.011291 0.027347
1 0.711831 0.396711 0.010800 0.026238
1 0.770373 0.503695 0.007118 0.028086
1 0.353216 0.392092 0.009818 0.025868
0 0.531910 0.524575 0.171821 0.390613
0 0.733432 0.600517 0.304860 0.335551
0 0.627025 0.516630 0.263868 0.404287
0 0.343643 0.542683 0.212077 0.429786