6 0.076333 0.194000 0.152333 0.387500
6 0.182667 0.341250 0.125333 0.259000
2 0.174917 0.366000 0.102167 0.208000
6 0.383083 0.350500 0.114167 0.230000
2 0.378000 0.369000 0.096000 0.190500
6 0.666333 0.421375 0.147000 0.290750
2 0.647500 0.459500 0.109000 0.214500
2 0.793083 0.239875 0.107500 0.320750
6 0.793417 0.281750 0.107500 0.238000
6 0.912500 0.192875 0.175000 0.385250
2 0.897833 0.192750 0.142667 0.385000
5 0.113583 0.662625 0.038500 0.133750
5 0.202833 0.809875 0.094667 0.100250
5 0.531083 0.837625 0.045833 0.115250
5 0.600833 0.905625 0.111000 0.115750
5 0.666250 0.769125 0.095833 0.160250
5 0.650167 0.843750 0.035667 0.066000
1 0.222000 0.401500 0.012333 0.032500
1 0.432417 0.358875 0.014833 0.050250
1 0.329667 0.359125 0.005667 0.021750
1 0.712583 0.444750 0.023833 0.070500
0 0.076333 0.504750 0.152333 0.990500
0 0.217083 0.602875 0.214167 0.794250
0 0.625250 0.636500 0.232833 0.727000
0 0.788083 0.544250 0.338833 0.911500
0 0.397333 0.617125 0.294333 0.765750
0 0.893250 0.500000 0.213500 0.999500