2 0.480783 0.433360 0.042647 0.077024
6 0.479993 0.419690 0.053352 0.103838
2 0.585030 0.446372 0.042296 0.073607
6 0.586873 0.427445 0.050544 0.107256
2 0.698227 0.445978 0.045104 0.083333
6 0.700948 0.430336 0.057915 0.109884
6 0.390927 0.422713 0.086171 0.138275
1 0.725079 0.442692 0.009653 0.021556
1 0.563794 0.424422 0.004739 0.021819
1 0.604949 0.445452 0.007722 0.014458
5 0.467708 0.619348 0.022815 0.053628
5 0.441295 0.611725 0.032117 0.035226
5 0.492102 0.596740 0.025623 0.047319
5 0.519481 0.582545 0.015444 0.027865
5 0.679098 0.588591 0.042647 0.032597
0 0.474201 0.494217 0.121797 0.252366
0 0.725167 0.494217 0.133380 0.238696
0 0.579765 0.476735 0.115655 0.206362
0 0.383994 0.674553 0.190944 0.650894