6 0.166714 0.416889 0.170864 0.174618
2 0.179594 0.434924 0.143961 0.135496
6 0.475529 0.348950 0.157127 0.155153
2 0.474528 0.366221 0.131082 0.118702
6 0.767029 0.278435 0.208930 0.177481
2 0.738981 0.298760 0.152261 0.136832
1 0.092873 0.417844 0.023183 0.037595
5 0.416142 0.883111 0.071551 0.100191
5 0.257441 0.621756 0.105610 0.089695
5 0.232541 0.563073 0.072982 0.047137
5 0.556382 0.672901 0.097882 0.046947
5 0.586720 0.641603 0.089296 0.080153
1 0.826560 0.281202 0.031483 0.044847
5 0.970807 0.846660 0.058386 0.104389
0 0.256297 0.660687 0.512021 0.661832
0 0.770750 0.594561 0.458500 0.810878
0 0.461505 0.635782 0.531483 0.728435