6 0.662000 0.241282 0.148000 0.316085
6 0.942375 0.347019 0.115250 0.421072
6 0.144625 0.293963 0.154250 0.251969
2 0.642250 0.285902 0.101000 0.211849
2 0.956750 0.461380 0.086500 0.187852
2 0.165625 0.327522 0.104750 0.172103
1 0.714625 0.267342 0.025250 0.058493
1 0.102000 0.331834 0.031500 0.066742
5 0.154625 0.675478 0.092750 0.124859
5 0.199625 0.526434 0.060250 0.161230
5 0.515875 0.736408 0.142250 0.145482
5 0.604250 0.804837 0.103500 0.122610
5 0.639250 0.905699 0.101000 0.142857
0 0.151375 0.448631 0.256750 0.575553
0 0.637375 0.460067 0.372750 0.731909
0 0.771875 0.565429 0.456250 0.869141