6 0.469831 0.303738 0.036771 0.064901
6 0.493231 0.346443 0.036771 0.060488
6 0.377236 0.679258 0.030754 0.051661
6 0.501588 0.721833 0.035099 0.060488
6 0.475013 0.716641 0.022731 0.036085
2 0.473174 0.322690 0.013037 0.035826
2 0.493147 0.355400 0.022898 0.039460
2 0.499582 0.736241 0.011700 0.038422
1 0.473174 0.314382 0.004680 0.013499
1 0.485292 0.342939 0.006853 0.016096
1 0.387347 0.691978 0.004847 0.014278
5 0.490640 0.391225 0.011533 0.020768
5 0.501755 0.402388 0.011031 0.031153
5 0.435484 0.812825 0.014541 0.022845
7 0.451195 0.380971 0.062678 0.128505
7 0.487632 0.418094 0.039278 0.118120
3 0.448521 0.697040 0.018218 0.019730
4 0.505181 0.720535 0.026575 0.054258
4 0.377152 0.674844 0.028581 0.037643
4 0.469497 0.294263 0.034431 0.042835
4 0.496824 0.339694 0.030921 0.048546
3 0.531172 0.839694 0.018051 0.025701
0 0.457212 0.451584 0.073375 0.356957
0 0.488885 0.476636 0.056828 0.332295
0 0.483704 0.843977 0.090256 0.312046
0 0.381665 0.828790 0.127862 0.342420