2 0.564938 0.542939 0.042075 0.061671
6 0.565514 0.517291 0.052065 0.112968
2 0.717675 0.618012 0.046302 0.074063
6 0.714025 0.600720 0.056676 0.108646
2 0.813064 0.634438 0.055716 0.095389
6 0.816619 0.621470 0.066282 0.120173
2 0.453122 0.622190 0.040922 0.081268
6 0.447646 0.606916 0.053410 0.114121
1 0.431988 0.617867 0.010567 0.022478
1 0.588665 0.523199 0.005764 0.017003
1 0.541883 0.517003 0.005187 0.012680
1 0.691258 0.607781 0.006916 0.027666
1 0.844669 0.632421 0.010951 0.031412
5 0.492027 0.765562 0.040730 0.038329
5 0.609510 0.767723 0.018252 0.039769
5 0.716330 0.685159 0.025937 0.042939
5 0.664169 0.785591 0.019597 0.035159
5 0.821422 0.817579 0.032085 0.031700
5 0.856388 0.817723 0.042459 0.054467
0 0.568492 0.632709 0.133333 0.350720
0 0.445917 0.678530 0.146013 0.261960
0 0.702786 0.672767 0.136407 0.259078
0 0.847935 0.703890 0.181172 0.287896