6 0.717188 0.625521 0.044792 0.106771
6 0.261372 0.461589 0.023438 0.040885
6 0.224479 0.476562 0.018750 0.035937
6 0.423785 0.363932 0.018056 0.034115
6 0.758420 0.189844 0.004340 0.010417
6 0.755122 0.186849 0.004687 0.009115
2 0.424740 0.372526 0.011979 0.016406
2 0.487500 0.404818 0.009375 0.014323
2 0.715017 0.651693 0.034549 0.055990
2 0.576562 0.388411 0.014236 0.022656
2 0.224566 0.484896 0.014063 0.017708
2 0.273090 0.427604 0.010764 0.012500
1 0.431944 0.365104 0.002778 0.006771
1 0.270660 0.467187 0.003472 0.009896
1 0.251997 0.466927 0.005035 0.010417
1 0.232378 0.480599 0.004340 0.009635
5 0.693490 0.827865 0.019271 0.046875
5 0.629774 0.788932 0.016146 0.022135
5 0.465017 0.452604 0.022743 0.020833
5 0.581944 0.455469 0.007639 0.013021
5 0.622830 0.466797 0.006424 0.012760
5 0.427170 0.406510 0.007812 0.016667
5 0.294444 0.532813 0.010069 0.016667
5 0.285243 0.473828 0.006250 0.014844
5 0.211285 0.518490 0.005556 0.010417
0 0.234115 0.517578 0.041493 0.113802
0 0.267795 0.524870 0.053993 0.162240
0 0.271615 0.439453 0.033854 0.090885
0 0.689583 0.735807 0.135417 0.337760
0 0.382031 0.376563 0.038368 0.095833
0 0.494705 0.438932 0.067187 0.121094
0 0.573264 0.417708 0.048958 0.110417
0 0.641753 0.443099 0.063368 0.165885
0 0.440538 0.382161 0.047743 0.075260