6 0.535750 0.471250 0.057500 0.061167
6 0.419000 0.474083 0.058500 0.053833
6 0.670250 0.512667 0.063000 0.053333
2 0.535500 0.489167 0.044000 0.029000
2 0.660375 0.517417 0.044250 0.042833
2 0.425875 0.485333 0.044750 0.033000
1 0.397625 0.479583 0.012250 0.014833
1 0.687125 0.520167 0.010750 0.014667
5 0.556625 0.574750 0.039250 0.021500
5 0.520500 0.593083 0.035500 0.019833
3 0.405250 0.615083 0.061000 0.029500
3 0.462625 0.587917 0.016750 0.037167
3 0.635250 0.611500 0.034000 0.029000
3 0.669875 0.616250 0.036250 0.034833
0 0.394000 0.616750 0.162000 0.338500
0 0.546250 0.585917 0.164500 0.290500