6 0.594056 0.840278 0.008578 0.007761
6 0.500460 0.785335 0.008272 0.007353
6 0.486060 0.688828 0.005208 0.005923
6 0.417892 0.659007 0.006127 0.007557
6 0.544271 0.815870 0.011949 0.009191
6 0.357843 0.858660 0.010417 0.010212
0 0.358150 0.877349 0.019608 0.054534
0 0.500306 0.799428 0.018995 0.041258
0 0.545803 0.828431 0.024203 0.044935
0 0.592984 0.859579 0.019301 0.050449
0 0.484222 0.699346 0.012561 0.031046
0 0.419424 0.666360 0.011029 0.027982
0 0.477022 0.640931 0.007966 0.019608
0 0.473652 0.568730 0.006740 0.013276
0 0.477788 0.546569 0.004596 0.011438
0 0.447917 0.583844 0.007966 0.014502
0 0.486060 0.584661 0.003983 0.012051
0 0.485294 0.640727 0.007353 0.020833
0 0.465074 0.569955 0.005515 0.013276