6 0.155254 0.338942 0.152899 0.308820
2 0.185145 0.392673 0.091304 0.199729
6 0.446920 0.398643 0.115942 0.269199
2 0.448279 0.438399 0.103804 0.191859
6 0.771649 0.278155 0.139674 0.271370
2 0.750272 0.316147 0.099094 0.195387
1 0.813315 0.318318 0.028080 0.064043
0 0.162409 0.592130 0.324819 0.815739
0 0.433514 0.579376 0.327174 0.651289
0 0.797917 0.503392 0.399457 0.721845
5 0.438225 0.783175 0.075362 0.072727
5 0.547192 0.839077 0.062500 0.095522
5 0.819112 0.831750 0.073007 0.062415
5 0.274909 0.878969 0.098007 0.100950