6 0.191670 0.458768 0.080118 0.083522
6 0.893554 0.448025 0.182932 0.163414
6 0.539719 0.487668 0.139809 0.088970
2 0.188379 0.472008 0.070359 0.059162
2 0.514299 0.499168 0.083976 0.065063
2 0.898320 0.466863 0.134816 0.116356
1 0.553904 0.512559 0.022923 0.015887
1 0.819110 0.445604 0.024058 0.039946
1 0.224921 0.461870 0.012710 0.018308
1 0.153768 0.450673 0.005220 0.012256
5 0.196550 0.599713 0.055379 0.043728
5 0.071720 0.598502 0.052202 0.031624
5 0.313550 0.645105 0.082842 0.035255
5 0.833863 0.747239 0.166137 0.060675
0 0.159555 0.498184 0.279165 0.203208
0 0.444961 0.536314 0.359283 0.269784
0 0.812869 0.569526 0.374262 0.420941