6 0.348904 0.235078 0.112152 0.182892
6 0.598851 0.208426 0.088955 0.178104
6 0.793467 0.246569 0.089168 0.177147
2 0.367419 0.260932 0.067461 0.122885
2 0.594914 0.229812 0.067887 0.132142
2 0.779634 0.278647 0.062779 0.111714
1 0.819217 0.269231 0.015535 0.041813
1 0.629815 0.229652 0.015110 0.032876
5 0.465312 0.509735 0.050862 0.053623
5 0.497446 0.486116 0.033837 0.047239
5 0.605980 0.473029 0.025325 0.042132
0 0.563205 0.306416 0.216855 0.405362
0 0.788785 0.316151 0.237285 0.376317
0 0.370824 0.559847 0.281124 0.880306