2 0.586191 0.181301 0.072774 0.146748
6 0.584361 0.132520 0.092967 0.247967
2 0.700434 0.357317 0.059222 0.144715
6 0.722794 0.324085 0.109093 0.206301
6 0.120342 0.472764 0.134165 0.195122
1 0.139382 0.520020 0.019379 0.040447
5 0.405204 0.425711 0.046348 0.057114
5 0.456024 0.504573 0.084564 0.061179
5 0.395379 0.702134 0.074129 0.114431
5 0.392668 0.703659 0.095270 0.115447
5 0.558138 0.702439 0.081718 0.108130
5 0.545060 0.697967 0.054479 0.101626
0 0.527511 0.356707 0.292045 0.708943
0 0.233704 0.684146 0.467136 0.631707
0 0.695148 0.610061 0.380675 0.779878