2 0.247154 0.424357 0.074074 0.096888
6 0.249955 0.393099 0.084734 0.164276
2 0.175881 0.619621 0.061247 0.122057
6 0.165402 0.603383 0.083650 0.156698
2 0.726378 0.468877 0.065583 0.110690
6 0.718338 0.440595 0.081301 0.169959
2 0.862240 0.584574 0.063053 0.120162
6 0.865583 0.571719 0.085637 0.149662
5 0.237760 0.715968 0.082746 0.056563
5 0.625565 0.636265 0.065221 0.091475
5 0.772358 0.611231 0.065402 0.093369
1 0.686089 0.439242 0.016079 0.039513
1 0.285005 0.389986 0.013189 0.044384
0 0.309846 0.602436 0.226558 0.581867
0 0.166486 0.712449 0.216260 0.381326
0 0.842276 0.710419 0.182114 0.429229
0 0.677868 0.618674 0.334237 0.533153