2 0.433789 0.374031 0.100929 0.100810
6 0.433789 0.360762 0.117450 0.129071
2 0.162623 0.395916 0.063500 0.104601
6 0.129324 0.386610 0.133712 0.123901
2 0.916882 0.395485 0.086216 0.082716
6 0.917785 0.378425 0.110738 0.118215
1 0.385777 0.393503 0.016779 0.021196
1 0.487223 0.381010 0.010067 0.016543
5 0.462313 0.492762 0.100155 0.067379
5 0.539107 0.496381 0.055498 0.052214
5 0.223283 0.574530 0.075891 0.040669
5 0.873258 0.580820 0.072793 0.041186
5 0.984383 0.578752 0.031234 0.037394
0 0.480640 0.610719 0.374806 0.629674
0 0.878678 0.632173 0.242643 0.630536
0 0.238900 0.638291 0.477284 0.624849