2 0.236472 0.291159 0.069892 0.138168
6 0.218956 0.271175 0.104925 0.173902
2 0.464360 0.210296 0.072320 0.151668
6 0.470257 0.192562 0.091398 0.186077
2 0.752255 0.277263 0.063996 0.126257
6 0.776535 0.260852 0.116372 0.164373
1 0.195716 0.287189 0.019598 0.040233
1 0.506590 0.203547 0.019424 0.051350
1 0.788848 0.277263 0.017516 0.038380
5 0.361689 0.477898 0.050815 0.093436
5 0.134322 0.853759 0.041797 0.031498
5 0.767863 0.658285 0.060527 0.061408
5 0.809053 0.617258 0.056538 0.055056
5 0.624350 0.746956 0.037461 0.026998
0 0.240895 0.591451 0.293791 0.817099
0 0.498352 0.551879 0.325529 0.896241
0 0.795005 0.569878 0.256330 0.780836