6 0.426083 0.205875 0.129167 0.286750
2 0.421083 0.256750 0.107500 0.185000
2 0.832667 0.489750 0.082000 0.142500
6 0.845250 0.471000 0.118167 0.173000
2 0.162500 0.446500 0.095333 0.189000
6 0.117500 0.417000 0.184667 0.248000
0 0.204583 0.641625 0.360833 0.705750
0 0.773250 0.630500 0.283167 0.492500
0 0.435417 0.506000 0.280500 0.927500
1 0.099417 0.473125 0.040833 0.053750
1 0.477167 0.240000 0.018333 0.049000
5 0.214167 0.538500 0.058333 0.093500
5 0.532000 0.467750 0.088667 0.102000
5 0.500250 0.443500 0.047167 0.037000
5 0.782250 0.798000 0.055167 0.078000