6 0.237939 0.478070 0.015351 0.028509
6 0.611659 0.452303 0.017178 0.033991
6 0.761330 0.437226 0.016082 0.033443
6 0.776864 0.443257 0.018640 0.033443
6 0.820358 0.439419 0.016447 0.033443
2 0.763706 0.440789 0.012061 0.018640
2 0.776316 0.444901 0.012427 0.024671
2 0.817982 0.444353 0.010234 0.021382
5 0.623538 0.550713 0.007310 0.020285
2 0.612573 0.459156 0.011696 0.013706
1 0.605629 0.452851 0.003655 0.007675
1 0.775950 0.443257 0.004386 0.009320
1 0.825292 0.443805 0.003655 0.007127
5 0.783808 0.527138 0.008406 0.013706
5 0.761513 0.519737 0.006213 0.013158
3 0.248538 0.567434 0.005848 0.014254
4 0.237390 0.477248 0.013523 0.023575
4 0.341374 0.508772 0.007310 0.016447
4 0.612390 0.443257 0.014985 0.023575
4 0.819810 0.430921 0.016082 0.015351
4 0.779240 0.433114 0.016082 0.014254
4 0.760965 0.430921 0.012427 0.018640
0 0.822368 0.500548 0.026316 0.151316
0 0.759686 0.504386 0.020102 0.162281
0 0.772113 0.511787 0.038377 0.169408
0 0.614583 0.537829 0.028143 0.205044
0 0.231908 0.547697 0.039839 0.171053
0 0.339364 0.542489 0.012792 0.087171