5 0.401722 0.646503 0.087682 0.040798
5 0.352583 0.680413 0.094305 0.039385
5 0.657616 0.641469 0.082384 0.020134
5 0.505430 0.622836 0.046623 0.034087
5 0.660397 0.677941 0.064636 0.025963
5 0.617616 0.701696 0.073377 0.034970
5 0.120530 0.733045 0.068874 0.062699
5 0.082119 0.767220 0.066755 0.049452
6 0.162517 0.479601 0.141722 0.118863
2 0.181060 0.496468 0.089801 0.085129
1 0.128344 0.488697 0.019868 0.032851
1 0.672450 0.503179 0.017748 0.026139
6 0.630861 0.497086 0.100397 0.092723
2 0.623444 0.510420 0.081325 0.063935
6 0.850464 0.542035 0.138543 0.125751
1 0.872053 0.560491 0.023841 0.027729
2 0.822384 0.563317 0.082384 0.083539
0 0.222517 0.563847 0.445033 0.284882
0 0.790331 0.657188 0.419338 0.386436
0 0.630199 0.556694 0.350199 0.214765