6 0.736619 0.358566 0.055352 0.108068
6 0.832862 0.443974 0.069980 0.145916
6 0.668467 0.427664 0.074634 0.132719
6 0.606300 0.431275 0.057347 0.100100
6 0.480967 0.382844 0.049036 0.085408
6 0.388298 0.403013 0.040891 0.085408
6 0.381815 0.344124 0.029588 0.043825
6 0.350150 0.371514 0.047706 0.083167
6 0.325216 0.358566 0.021443 0.059263
6 0.252992 0.387948 0.044880 0.085657
6 0.120263 0.367903 0.030086 0.078934
2 0.737118 0.378237 0.043052 0.069721
2 0.831449 0.468376 0.051862 0.102590
2 0.392620 0.411977 0.031582 0.059014
2 0.324717 0.367654 0.012799 0.040090
2 0.269365 0.404258 0.011469 0.049054
1 0.862949 0.438372 0.007812 0.037600
1 0.583943 0.442854 0.007979 0.030129
1 0.698803 0.445219 0.007979 0.034861
1 0.714428 0.363670 0.007979 0.028635
1 0.464096 0.401394 0.007979 0.020916
1 0.264046 0.400149 0.007148 0.021912
5 0.860206 0.623132 0.042886 0.067480
5 0.790226 0.710159 0.038564 0.062749
5 0.757397 0.835657 0.025432 0.052291
5 0.296792 0.374502 0.022440 0.030876
0 0.841340 0.681399 0.205951 0.630229
0 0.743102 0.425050 0.092254 0.241036
0 0.674119 0.683889 0.199967 0.632221
0 0.580951 0.679781 0.107380 0.637450
0 0.504904 0.448456 0.099235 0.218625
0 0.327876 0.406624 0.115858 0.168327
0 0.239195 0.427415 0.074468 0.173556
0 0.391124 0.412226 0.049867 0.120767