6 0.173810 0.404129 0.178274 0.331473
6 0.318378 0.340402 0.155208 0.291071
6 0.497693 0.356585 0.133185 0.246205
6 0.777307 0.422879 0.124554 0.230580
5 0.394643 0.714397 0.085714 0.148438
5 0.316071 0.745424 0.066369 0.106473
5 0.218750 0.709933 0.034821 0.045312
5 0.571577 0.720871 0.080655 0.086830
5 0.583557 0.645536 0.072173 0.110268
5 0.583185 0.639397 0.071429 0.097991
1 0.176935 0.420982 0.022321 0.076339
1 0.288542 0.364844 0.031250 0.063616
1 0.445238 0.368973 0.018750 0.057143
1 0.828423 0.423772 0.013988 0.064955
0 0.218676 0.618750 0.437054 0.759821
0 0.830655 0.498661 0.338690 0.454018
0 0.504687 0.488839 0.265923 0.506696
0 0.426488 0.476116 0.370833 0.565179