6 0.285000 0.469875 0.123333 0.244250
2 0.295250 0.490500 0.102833 0.203000
6 0.846833 0.515250 0.201000 0.236500
2 0.801750 0.515375 0.110833 0.238250
2 0.895000 0.097250 0.087333 0.161500
6 0.892917 0.088625 0.106167 0.176750
1 0.847000 0.075500 0.014333 0.047500
1 0.941417 0.068625 0.007833 0.037250
5 0.355500 0.787000 0.078000 0.092000
5 0.219667 0.746000 0.045333 0.040000
5 0.617667 0.862375 0.080000 0.099250
5 0.809833 0.629125 0.119667 0.134750
5 0.885917 0.402750 0.033167 0.032000
5 0.857833 0.393125 0.028333 0.033250
0 0.762917 0.700500 0.367833 0.599000
0 0.197333 0.669750 0.394333 0.652000
0 0.843750 0.348500 0.276833 0.696500