6 0.183612 0.312033 0.076942 0.150224
6 0.502373 0.447683 0.070947 0.161435
6 0.691481 0.400972 0.074444 0.128550
6 0.786910 0.449925 0.095428 0.160688
4 0.183113 0.227578 0.113915 0.124066
4 0.543967 0.422646 0.092181 0.183857
4 0.780040 0.347347 0.114164 0.129671
4 0.729578 0.333333 0.068698 0.118087
3 0.544966 0.820441 0.070697 0.108744
3 0.460655 0.820815 0.055458 0.087818
5 0.082063 0.822123 0.038221 0.096413
5 0.187859 0.693759 0.040969 0.099028
5 0.659755 0.828662 0.035473 0.101271
5 0.629528 0.832025 0.052461 0.095291
5 0.767050 0.807922 0.045216 0.062780
5 0.745191 0.856502 0.040470 0.050075
7 0.173245 0.542788 0.167624 0.422646
7 0.332001 0.502990 0.296278 0.295217
7 0.878216 0.581091 0.243567 0.294469
7 0.565701 0.423954 0.291531 0.280643
1 0.677492 0.350897 0.016488 0.026906
0 0.163502 0.579596 0.228579 0.828849
0 0.382963 0.666293 0.412191 0.667414
0 0.591431 0.620329 0.343492 0.697309
0 0.860979 0.602952 0.278041 0.640882