6 0.567602 0.339757 0.043831 0.052778
6 0.292672 0.253906 0.019944 0.024132
6 0.478548 0.310069 0.009508 0.010417
6 0.601461 0.341927 0.012291 0.017535
6 0.617927 0.350434 0.020640 0.024479
5 0.279337 0.238802 0.013219 0.008854
5 0.603200 0.421267 0.030148 0.021007
5 0.577690 0.464149 0.038033 0.025868
4 0.293599 0.245486 0.020408 0.009375
4 0.569225 0.322830 0.051252 0.025868
4 0.621637 0.340104 0.025742 0.014931
4 0.601809 0.336198 0.012987 0.009549
0 0.285946 0.305556 0.040816 0.146528
0 0.582676 0.451042 0.148191 0.285069
0 0.548701 0.323351 0.056122 0.078993
0 0.475533 0.333333 0.028989 0.062153