6 0.506500 0.480000 0.096000 0.072667
6 0.250750 0.253250 0.088500 0.092833
2 0.250875 0.272083 0.073750 0.053500
2 0.541125 0.490333 0.031250 0.058333
5 0.634500 0.595167 0.046000 0.038333
5 0.392750 0.658833 0.028500 0.043333
5 0.155500 0.511500 0.042000 0.043667
5 0.440875 0.157417 0.044750 0.041833
1 0.521625 0.481583 0.014250 0.022500
1 0.289375 0.267667 0.013750 0.020000
1 0.211375 0.265917 0.009250 0.021167
0 0.293250 0.378417 0.350000 0.529833
0 0.506625 0.691667 0.331250 0.491000
0 0.824125 0.441417 0.351750 0.302500