6 0.379081 0.364284 0.087258 0.091312
6 0.460561 0.422269 0.082635 0.062416
6 0.632043 0.354556 0.093326 0.074552
2 0.622941 0.364573 0.058943 0.049894
2 0.470384 0.425641 0.056631 0.053362
2 0.392517 0.373050 0.058076 0.073782
1 0.353799 0.364670 0.018203 0.020805
1 0.660647 0.350799 0.015891 0.020805
5 0.399307 0.533809 0.058943 0.047390
5 0.487865 0.514448 0.060965 0.035253
5 0.489021 0.539877 0.032072 0.035253
5 0.561976 0.512714 0.049119 0.029089
5 0.688385 0.501156 0.055186 0.018301
0 0.508090 0.592564 0.218145 0.406473
0 0.664837 0.568966 0.266397 0.516471
0 0.343542 0.596128 0.216700 0.556540