2 0.538668 0.695602 0.026831 0.025884
6 0.053977 0.722538 0.037247 0.022517
6 0.181818 0.714752 0.039141 0.022938
6 0.278567 0.712542 0.035669 0.028620
6 0.392203 0.699811 0.036932 0.022938
6 0.493056 0.716330 0.029672 0.029461
6 0.533144 0.691709 0.037247 0.034512
6 0.575600 0.724116 0.031250 0.021465
6 0.643308 0.711490 0.034722 0.019781
6 0.726168 0.681503 0.041982 0.025463
6 0.806029 0.682029 0.036932 0.022306
6 0.894729 0.650673 0.034407 0.023990
6 0.955019 0.677609 0.045139 0.038300
6 0.832702 0.612479 0.012626 0.009470
1 0.062342 0.727378 0.005366 0.008628
1 0.037563 0.730324 0.003788 0.006944
1 0.185448 0.716330 0.003472 0.010101
1 0.291351 0.714646 0.003788 0.008838
1 0.377841 0.702020 0.005682 0.008418
1 0.407355 0.704230 0.006629 0.009049
1 0.521780 0.693603 0.007576 0.010522
1 0.587753 0.729482 0.005051 0.006944
1 0.656881 0.717908 0.006313 0.006524
1 0.629261 0.715383 0.004104 0.008628
1 0.708491 0.687605 0.006629 0.011574
1 0.742740 0.688447 0.007576 0.007365
1 0.954703 0.677189 0.007891 0.013468
5 0.368845 0.765888 0.021149 0.025463
5 0.415720 0.769360 0.024621 0.017677
5 0.481061 0.778199 0.012626 0.020623
5 0.585069 0.776620 0.014205 0.025884
5 0.676136 0.790825 0.018308 0.028620
5 0.784091 0.789983 0.020833 0.024832
5 0.946023 0.781250 0.022727 0.022938
0 0.539773 0.749474 0.101010 0.153830
0 0.966225 0.745686 0.067551 0.179503
0 0.474905 0.771570 0.065341 0.139941
0 0.048453 0.785354 0.093750 0.148148
0 0.177241 0.787774 0.105745 0.172348
0 0.276357 0.782407 0.093750 0.172980
5 0.221907 0.788931 0.013258 0.027357
0 0.386837 0.764625 0.136048 0.147517
0 0.581439 0.767887 0.049242 0.117003
0 0.631155 0.766940 0.097538 0.139099
0 0.731061 0.752841 0.128157 0.179924
0 0.813289 0.742845 0.096275 0.170875
0 0.906250 0.727483 0.092803 0.191919
0 0.833018 0.636469 0.053030 0.073443