6 0.284375 0.402539 0.082813 0.122266
6 0.765039 0.589355 0.080859 0.165039
6 0.943945 0.540820 0.112109 0.250391
6 0.591862 0.564355 0.114974 0.225586
6 0.142187 0.635059 0.112500 0.247852
2 0.914128 0.562012 0.049870 0.184570
2 0.760352 0.607715 0.063932 0.125977
2 0.284180 0.410645 0.042578 0.092773
1 0.944466 0.586523 0.026693 0.059375
1 0.794727 0.588672 0.015234 0.037109
1 0.542383 0.590527 0.016797 0.066211
1 0.643099 0.594336 0.013542 0.047266
1 0.189388 0.645605 0.009505 0.020898
5 0.346354 0.510840 0.053385 0.149023
5 0.279102 0.522852 0.035286 0.045312
5 0.853190 0.873633 0.042057 0.040234
0 0.563216 0.716113 0.365495 0.538867
0 0.202148 0.717187 0.334245 0.565625
0 0.286328 0.665039 0.140885 0.655469
0 0.420443 0.351660 0.001302 0.002148