6 0.894847 0.263170 0.151498 0.294196
6 0.774993 0.324107 0.079810 0.162500
6 0.662419 0.362723 0.069728 0.128125
6 0.512882 0.372991 0.049566 0.098661
6 0.397928 0.311384 0.055447 0.105804
6 0.257491 0.255134 0.084850 0.154911
6 0.193363 0.170313 0.035564 0.075446
6 0.146178 0.265402 0.054887 0.086161
6 0.069868 0.304464 0.139737 0.202679
6 0.657379 0.247991 0.012602 0.025446
6 0.637356 0.240179 0.012882 0.025000
2 0.883926 0.290625 0.116214 0.241071
2 0.778773 0.337946 0.068328 0.115179
2 0.656399 0.383929 0.039205 0.066964
2 0.514982 0.383929 0.035284 0.062500
2 0.404509 0.315625 0.042285 0.083036
2 0.266312 0.270982 0.063288 0.118750
2 0.156119 0.277902 0.028283 0.058482
2 0.198264 0.186384 0.019042 0.034375
2 0.092971 0.351786 0.092411 0.118750
1 0.226967 0.272098 0.015962 0.041518
1 0.377345 0.318527 0.010361 0.030804
1 0.681602 0.376786 0.006721 0.022321
1 0.495099 0.374777 0.005601 0.022768
1 0.180762 0.174777 0.006441 0.017411
5 0.675861 0.539955 0.070288 0.079018
5 0.738449 0.657813 0.094091 0.116518
5 0.596052 0.433482 0.064688 0.066964
5 0.705265 0.402679 0.030524 0.050893
5 0.713946 0.487277 0.049006 0.048661
5 0.493699 0.421429 0.028003 0.040179
5 0.527583 0.479687 0.038085 0.038839
5 0.339121 0.449107 0.066648 0.059821
5 0.422151 0.397321 0.042285 0.081250
5 0.218426 0.643973 0.077849 0.060268
5 0.189583 0.246652 0.025203 0.038839
4 0.657239 0.243750 0.010641 0.015179
4 0.637637 0.236607 0.009521 0.013393
4 0.660879 0.328795 0.064408 0.065625
7 0.921451 0.559821 0.157099 0.271429
7 0.780594 0.449777 0.085970 0.112054
7 0.661159 0.428125 0.078409 0.056250
7 0.385186 0.400223 0.070849 0.116518
7 0.255111 0.399554 0.114814 0.166071
7 0.078269 0.435045 0.156539 0.132589
0 0.297536 0.528571 0.227667 0.660714
0 0.384486 0.455357 0.168580 0.425000
0 0.509101 0.507143 0.153458 0.366964
0 0.627415 0.458259 0.144777 0.324554
0 0.720947 0.449107 0.204144 0.388393
0 0.816298 0.557366 0.367404 0.885268
0 0.145757 0.274554 0.052926 0.111607
0 0.178381 0.236607 0.071689 0.188393
0 0.133996 0.581920 0.267992 0.774554
7 0.661579 0.277455 0.022683 0.035268
7 0.636796 0.272321 0.018482 0.036607