6 0.512527 0.321795 0.085181 0.138010
6 0.258199 0.303120 0.134983 0.188112
6 0.811494 0.134252 0.113726 0.205648
1 0.264045 0.326577 0.023990 0.051013
1 0.488081 0.315646 0.017765 0.041448
1 0.838977 0.125256 0.023535 0.067866
2 0.526496 0.340128 0.052384 0.094056
2 0.292059 0.333523 0.062101 0.108631
2 0.796994 0.162378 0.075919 0.137554
5 0.608564 0.711683 0.059520 0.086085
5 0.487777 0.561717 0.042059 0.052152
3 0.349150 0.860852 0.081537 0.145297
0 0.841710 0.509679 0.269207 0.956502
0 0.279456 0.603279 0.331157 0.793441
0 0.521257 0.617969 0.242940 0.749943