6 0.072005 0.440927 0.144009 0.318145
6 0.207085 0.351008 0.115783 0.240726
6 0.260225 0.556048 0.120104 0.176613
6 0.416907 0.481048 0.063652 0.106452
2 0.416907 0.486290 0.053859 0.096774
6 0.745392 0.602621 0.111751 0.155242
2 0.718606 0.613710 0.058756 0.131452
5 0.299107 0.902823 0.100518 0.141935
5 0.483295 0.728427 0.040323 0.041532
5 0.434476 0.591532 0.050403 0.067742
5 0.598790 0.856653 0.053571 0.077016
5 0.689948 0.883871 0.077477 0.076613
1 0.073733 0.475605 0.028226 0.084274
1 0.211550 0.369355 0.024482 0.054032
1 0.279810 0.569758 0.014689 0.044355
1 0.754752 0.625806 0.023906 0.041129
1 0.442540 0.504435 0.005472 0.012097
0 0.154810 0.579032 0.218606 0.698387
0 0.232719 0.697581 0.176843 0.466129
0 0.725950 0.706653 0.307892 0.464919
0 0.418347 0.660685 0.170795 0.471371
0 0.174539 0.642944 0.349078 0.714113