6 0.324561 0.385005 0.019006 0.037007
2 0.327211 0.393777 0.008589 0.013980
3 0.375091 0.528098 0.007493 0.013980
3 0.360654 0.529194 0.008224 0.012884
3 0.470943 0.543723 0.007310 0.010691
3 0.463176 0.541255 0.011879 0.009046
3 0.276773 0.532621 0.008589 0.008772
3 0.310855 0.454221 0.008772 0.009868
3 0.253655 0.532072 0.011330 0.011513
4 0.325110 0.381031 0.016813 0.024123
0 0.497624 0.518092 0.061404 0.076206
0 0.371345 0.497533 0.048246 0.093202
0 0.316520 0.450795 0.039108 0.175713
0 0.273940 0.500000 0.055190 0.083333