6 0.149989 0.485259 0.095823 0.115247
2 0.181818 0.495086 0.032164 0.094401
6 0.280657 0.207117 0.083315 0.121799
2 0.300201 0.229750 0.044673 0.076534
6 0.558745 0.137880 0.064552 0.130435
2 0.564329 0.156045 0.053384 0.094699
6 0.544673 0.575640 0.090462 0.138773
6 0.804780 0.343061 0.088452 0.111971
2 0.779093 0.356611 0.036185 0.083681
5 0.258320 0.681507 0.064999 0.032460
5 0.285236 0.719327 0.041546 0.043776
5 0.364418 0.381477 0.047130 0.049434
5 0.366875 0.397558 0.030154 0.044074
5 0.487268 0.364205 0.024347 0.033353
5 0.510386 0.403216 0.062542 0.080405
5 0.684834 0.518612 0.052714 0.032460
5 0.677351 0.554199 0.053384 0.049434
1 0.582645 0.603335 0.012732 0.029184
1 0.533951 0.150834 0.012285 0.024717
1 0.804222 0.382817 0.011838 0.018761
0 0.275408 0.367481 0.223811 0.436569
0 0.548805 0.314473 0.220683 0.483621
0 0.742685 0.520399 0.287246 0.463669
0 0.197342 0.638177 0.257985 0.425849
0 0.572258 0.745533 0.241233 0.485110