5 0.284178 0.665438 0.045776 0.066359
5 0.328571 0.685714 0.047312 0.024885
5 0.568817 0.679263 0.059908 0.093088
5 0.629493 0.697581 0.078034 0.109908
6 0.407373 0.447120 0.077419 0.165668
1 0.374731 0.450922 0.011214 0.038710
2 0.412135 0.467742 0.065745 0.123502
6 0.457680 0.388018 0.034562 0.057604
6 0.189862 0.389747 0.029800 0.050461
6 0.716283 0.460714 0.125346 0.194700
2 0.675653 0.480991 0.045008 0.155530
0 0.380492 0.606452 0.248541 0.484332
0 0.682412 0.679724 0.336866 0.631797
0 0.179570 0.413018 0.050077 0.096083