6 0.404598 0.179464 0.102529 0.093487
2 0.431494 0.184215 0.046437 0.081226
6 0.475517 0.146743 0.095402 0.093640
2 0.483908 0.156015 0.075402 0.070192
6 0.296782 0.573946 0.212874 0.234789
2 0.338506 0.608812 0.128506 0.134713
5 0.470805 0.310958 0.069425 0.037701
5 0.496092 0.326437 0.057011 0.035862
5 0.592644 0.284138 0.038161 0.038621
5 0.431609 0.794713 0.121609 0.060843
5 0.559885 0.833793 0.122989 0.092720
1 0.397586 0.190958 0.023678 0.022989
1 0.311954 0.594100 0.044598 0.044904
0 0.377586 0.421762 0.186437 0.580230
0 0.535287 0.386207 0.269655 0.563678
0 0.384943 0.725594 0.769885 0.541149