6 0.452814 0.302231 0.128423 0.280859
6 0.328839 0.283674 0.180959 0.306297
2 0.442321 0.361551 0.097429 0.178065
2 0.356081 0.356756 0.063377 0.148874
1 0.343850 0.305254 0.016400 0.064220
1 0.387978 0.328399 0.010146 0.042535
1 0.491313 0.363011 0.014732 0.045455
5 0.592703 0.664199 0.071855 0.109049
5 0.598263 0.614992 0.090202 0.101126
5 0.554969 0.543995 0.060876 0.111760
5 0.526129 0.605817 0.057957 0.036489
0 0.472967 0.584967 0.212648 0.771268
0 0.397707 0.563073 0.487700 0.873853
7 0.436623 0.690158 0.186379 0.597164
4 0.326963 0.208090 0.187213 0.169308
3 0.306324 0.976960 0.080890 0.046080
4 0.456845 0.239366 0.131480 0.150125