2 0.296949 0.483147 0.063244 0.154241
6 0.267262 0.476451 0.123214 0.168080
2 0.465997 0.267634 0.082292 0.118750
6 0.466890 0.233147 0.095089 0.185491
2 0.559375 0.536496 0.089881 0.166741
6 0.580729 0.499330 0.139137 0.235714
2 0.647619 0.551897 0.040476 0.199777
6 0.707887 0.512612 0.162202 0.280580
1 0.263467 0.524665 0.014732 0.040402
1 0.509673 0.223214 0.008036 0.044643
1 0.612277 0.537500 0.020982 0.053571
1 0.673065 0.579799 0.017262 0.054241
5 0.427530 0.321763 0.044940 0.122098
5 0.477009 0.627790 0.051935 0.128348
5 0.507664 0.662946 0.025446 0.065625
5 0.448437 0.822768 0.070387 0.093304
5 0.515625 0.944643 0.074405 0.110714
5 0.268378 0.834821 0.049256 0.064732
5 0.336756 0.782254 0.027381 0.018973
0 0.478571 0.426563 0.212798 0.693304
0 0.277009 0.628683 0.291518 0.474330
0 0.546577 0.670312 0.266667 0.581696
0 0.722768 0.685491 0.488095 0.629018