6 0.845919 0.094316 0.104942 0.188216
6 0.339464 0.154799 0.110911 0.179263
2 0.857510 0.151364 0.063437 0.068707
2 0.314547 0.186862 0.054969 0.113887
1 0.868892 0.112534 0.019572 0.036436
1 0.301083 0.143244 0.013048 0.034145
5 0.795808 0.473142 0.067463 0.032271
5 0.809620 0.339371 0.029845 0.074120
5 0.340991 0.497397 0.066491 0.031230
5 0.259994 0.385488 0.050805 0.076827
0 0.245211 0.526962 0.307746 0.921091
0 0.881732 0.494483 0.236535 0.988549
4 0.355844 0.153133 0.083981 0.168853
4 0.844253 0.089423 0.103831 0.164689