6 0.372186 0.279535 0.078673 0.141382
2 0.368192 0.305520 0.059066 0.087476
2 0.572016 0.665752 0.038732 0.070691
6 0.558581 0.652679 0.066086 0.098128
2 0.780683 0.662524 0.051803 0.079083
6 0.779714 0.648321 0.062455 0.112653
3 0.304406 0.354422 0.107722 0.093609
3 0.196321 0.387185 0.101670 0.082957
1 0.394457 0.275500 0.016219 0.041640
1 0.546115 0.662686 0.014524 0.031633
1 0.807432 0.653325 0.006536 0.027114
1 0.755386 0.663170 0.011377 0.028728
0 0.806826 0.719174 0.131687 0.255649
0 0.529049 0.723693 0.153716 0.242092
0 0.340232 0.525985 0.387557 0.634280