2 0.260706 0.406507 0.050733 0.091821
6 0.252315 0.395062 0.068287 0.114712
2 0.622203 0.504501 0.053434 0.091307
6 0.633005 0.489069 0.075039 0.122685
2 0.694541 0.503215 0.036073 0.079475
6 0.717014 0.483539 0.082948 0.118313
1 0.228877 0.392747 0.014082 0.030350
1 0.654610 0.497299 0.012153 0.029064
5 0.461902 0.590792 0.057677 0.050926
5 0.502797 0.588735 0.045332 0.047325
5 0.665895 0.730195 0.048611 0.048354
5 0.611111 0.720293 0.057485 0.049640
5 0.148823 0.604295 0.042631 0.045010
5 0.007330 0.782922 0.014660 0.066358
0 0.291377 0.548097 0.395255 0.421811
0 0.656539 0.588606 0.139468 0.323302
0 0.710166 0.588992 0.449267 0.338992