6 0.168244 0.188387 0.121471 0.236211
6 0.240925 0.243542 0.036612 0.134280
6 0.836565 0.384687 0.043593 0.074005
2 0.827723 0.389574 0.024977 0.063300
6 0.606035 0.378287 0.022184 0.044915
2 0.601070 0.381662 0.011945 0.038166
1 0.192600 0.185827 0.015358 0.068653
1 0.237589 0.249011 0.010704 0.041890
5 0.810658 0.499884 0.033354 0.046544
5 0.840987 0.518385 0.029165 0.024436
5 0.573301 0.473004 0.014738 0.020712
0 0.832842 0.603793 0.121781 0.511752
0 0.599597 0.424948 0.067949 0.138701
0 0.277769 0.588667 0.109370 0.822667