6 0.740350 0.428055 0.026538 0.049035
6 0.656966 0.417203 0.016586 0.027331
6 0.231454 0.479502 0.035283 0.061897
2 0.739747 0.435289 0.024729 0.033762
2 0.232509 0.495780 0.028347 0.038987
1 0.750603 0.432878 0.004825 0.015273
1 0.220296 0.488746 0.006333 0.020096
5 0.759952 0.571744 0.015078 0.028537
5 0.728890 0.578175 0.012666 0.022910
5 0.662998 0.463023 0.011761 0.012058
5 0.676568 0.473272 0.005127 0.011656
5 0.238390 0.613143 0.014777 0.023714
0 0.197075 0.614550 0.107660 0.319132
0 0.751960 0.559486 0.050965 0.311093
0 0.665561 0.461817 0.028347 0.114148