2 0.644344 0.428691 0.091925 0.087498
6 0.653401 0.421174 0.110811 0.101760
2 0.210252 0.626494 0.064367 0.086856
6 0.184814 0.612360 0.117942 0.121033
2 0.808730 0.489079 0.056851 0.074136
6 0.834650 0.470962 0.107921 0.112425
1 0.851031 0.491199 0.019657 0.026468
1 0.694835 0.435372 0.017923 0.020429
5 0.463384 0.523577 0.084602 0.050623
5 0.654943 0.568418 0.082675 0.041629
5 0.624398 0.606129 0.047793 0.035333
5 0.260069 0.696518 0.059164 0.049852
5 0.330603 0.770461 0.077279 0.052807
0 0.610619 0.507838 0.379842 0.257356
0 0.216227 0.773609 0.387358 0.452782
0 0.690306 0.585764 0.476392 0.349223