6 0.438527 0.462368 0.025528 0.058539
6 0.373533 0.604093 0.023474 0.045335
6 0.422242 0.735475 0.026408 0.053697
3 0.439114 0.655150 0.012617 0.025088
3 0.406837 0.544674 0.007923 0.015405
3 0.459507 0.556118 0.010563 0.017165
5 0.359302 0.823283 0.011444 0.025968
5 0.435006 0.854313 0.010270 0.016725
4 0.424296 0.730414 0.029343 0.043574
4 0.438234 0.453125 0.025528 0.040053
4 0.373093 0.598592 0.020833 0.034331
0 0.439847 0.545995 0.074531 0.222271
0 0.404049 0.658891 0.092136 0.161972
0 0.397300 0.828565 0.094484 0.241637