2 0.592375 0.377667 0.176250 0.116333
2 0.412375 0.227417 0.110750 0.106500
2 0.211000 0.233667 0.074000 0.073333
6 0.593875 0.319250 0.236750 0.237167
6 0.930125 0.301083 0.139750 0.239500
6 0.446750 0.211000 0.185500 0.153667
6 0.238125 0.201167 0.143750 0.124333
1 0.486875 0.212833 0.036750 0.046000
1 0.268500 0.212167 0.034000 0.040000
5 0.392250 0.626417 0.195500 0.058167
5 0.480500 0.691083 0.208000 0.069167
5 0.221250 0.490333 0.106000 0.064333
5 0.048125 0.395417 0.077750 0.043833
5 0.722500 0.796833 0.185000 0.068000
5 0.768500 0.885083 0.228000 0.104167
0 0.811000 0.570083 0.378000 0.736500
0 0.232500 0.279333 0.449000 0.295333
0 0.629750 0.474000 0.673000 0.549000
0 0.372250 0.325583 0.422000 0.393833