2 0.275337 0.375500 0.081423 0.064714
6 0.271695 0.369071 0.099850 0.079000
2 0.440861 0.360857 0.078209 0.069143
6 0.445040 0.348500 0.092136 0.093857
2 0.621277 0.323286 0.076495 0.066286
6 0.624705 0.314643 0.089779 0.085286
2 0.764303 0.344643 0.078423 0.067000
6 0.770088 0.328071 0.092993 0.094429
1 0.483287 0.364714 0.013499 0.025429
1 0.809085 0.341929 0.013713 0.019857
1 0.229162 0.374429 0.014356 0.025714
5 0.412792 0.508000 0.077352 0.034286
5 0.304585 0.509214 0.061067 0.046143
5 0.360081 0.625286 0.025498 0.041714
5 0.696165 0.503357 0.074995 0.059571
0 0.624705 0.593214 0.228198 0.643286
0 0.459289 0.623143 0.223913 0.642571
0 0.256267 0.623071 0.233126 0.592429
0 0.771802 0.596143 0.226698 0.627429