6 0.180333 0.483766 0.057333 0.129371
2 0.181167 0.509241 0.048667 0.078422
6 0.538000 0.746878 0.077000 0.119131
6 0.614083 0.610015 0.078167 0.119131
2 0.597250 0.620130 0.043833 0.097403
6 0.794917 0.156968 0.051167 0.105145
2 0.798167 0.180569 0.042333 0.057443
6 0.874667 0.097902 0.060667 0.117882
2 0.877000 0.127872 0.050000 0.057443
5 0.426833 0.879745 0.056667 0.050200
5 0.439250 0.848277 0.026500 0.034216
5 0.431167 0.781718 0.043667 0.060440
5 0.440417 0.722153 0.042167 0.044206
5 0.208500 0.671828 0.020000 0.042957
5 0.773167 0.355270 0.037000 0.055195
5 0.816000 0.306069 0.029667 0.046703
5 0.908333 0.345904 0.046333 0.039960
1 0.206917 0.483641 0.004167 0.023726
1 0.524667 0.785839 0.007667 0.022228
1 0.622500 0.641484 0.014667 0.026723
1 0.773917 0.161838 0.008500 0.024975
1 0.900167 0.104396 0.009333 0.024476
0 0.523500 0.843407 0.252333 0.313187
0 0.748750 0.401598 0.149167 0.594905
0 0.538583 0.696429 0.259167 0.284965
0 0.183167 0.539960 0.202000 0.308691
0 0.900417 0.410090 0.199167 0.746753