6 0.542631 0.770725 0.056713 0.041016
6 0.435185 0.390191 0.055556 0.049045
6 0.605710 0.508789 0.064043 0.047960
2 0.618248 0.519423 0.032022 0.027127
1 0.632716 0.506293 0.009259 0.010417
4 0.435378 0.388129 0.055170 0.041450
4 0.544560 0.762804 0.060571 0.031250
4 0.602623 0.505425 0.057870 0.043403
7 0.411651 0.915039 0.152006 0.073134
7 0.531829 0.833116 0.117670 0.094184
7 0.694830 0.539822 0.127315 0.069661
7 0.376736 0.440864 0.130015 0.074870
5 0.481096 0.370226 0.019290 0.027778
5 0.588927 0.431641 0.021219 0.020399
0 0.544174 0.876628 0.142361 0.246745
0 0.419560 0.935872 0.170910 0.128255
0 0.398534 0.485677 0.182870 0.267361
0 0.666474 0.555664 0.183256 0.146484