6 0.255631 0.409234 0.168151 0.335167
2 0.276977 0.457957 0.124411 0.239293
2 0.242535 0.139096 0.114196 0.184676
6 0.235333 0.116699 0.129649 0.232613
6 0.317444 0.117289 0.081718 0.218075
2 0.322420 0.146562 0.055003 0.154028
2 0.526323 0.329862 0.069932 0.163851
6 0.514536 0.292534 0.137507 0.236935
2 0.692902 0.561690 0.084599 0.142633
6 0.693033 0.535363 0.106338 0.199214
1 0.233237 0.437721 0.031692 0.080157
1 0.197748 0.093320 0.023049 0.064833
5 0.498036 0.882908 0.125458 0.100589
5 0.527370 0.788802 0.063122 0.097053
5 0.858696 0.843615 0.061551 0.064440
0 0.740964 0.657171 0.325301 0.446758
0 0.323992 0.598232 0.474070 0.721807
0 0.318229 0.424951 0.211629 0.835756
0 0.152174 0.491749 0.303824 0.975639
0 0.556050 0.529273 0.275013 0.708841