6 0.071663 0.254115 0.093171 0.117798
2 0.089699 0.282279 0.055170 0.062500
6 0.394869 0.203961 0.088735 0.103909
2 0.420139 0.225180 0.037809 0.060957
6 0.696470 0.082433 0.053819 0.111368
2 0.695988 0.115741 0.041281 0.044239
6 0.643711 0.798354 0.069444 0.105967
6 0.352141 0.715406 0.068866 0.107253
5 0.388214 0.675669 0.036458 0.082819
5 0.388117 0.674511 0.041667 0.073817
5 0.626061 0.723637 0.038387 0.075360
5 0.672164 0.767233 0.033372 0.070473
5 0.667824 0.311343 0.030864 0.064043
5 0.705633 0.314558 0.032793 0.063272
5 0.391782 0.278164 0.037037 0.034722
5 0.401138 0.355067 0.019483 0.035237
5 0.092014 0.432485 0.034336 0.046553
1 0.672647 0.819830 0.006559 0.015175
1 0.382523 0.723251 0.008102 0.022119
1 0.053337 0.299511 0.016011 0.018776
0 0.377025 0.817387 0.174961 0.365226
0 0.399113 0.263889 0.136574 0.225823
0 0.695312 0.186214 0.159144 0.321502
0 0.091917 0.403807 0.183449 0.418210
0 0.643133 0.844522 0.171682 0.310957