6 0.262233 0.363000 0.064961 0.137000
6 0.715973 0.370750 0.064679 0.131500
6 0.680118 0.711250 0.078459 0.132500
3 0.294432 0.517000 0.033183 0.045000
3 0.237345 0.413000 0.023622 0.037000
3 0.712458 0.641750 0.035152 0.067500
3 0.725394 0.698000 0.028965 0.064000
5 0.683633 0.473250 0.032621 0.052500
5 0.775591 0.464500 0.026997 0.055000
4 0.260686 0.362000 0.062430 0.136000
4 0.715973 0.374750 0.061867 0.121500
4 0.679274 0.708250 0.076209 0.127500
0 0.694601 0.790750 0.159168 0.294500
0 0.705006 0.368000 0.182790 0.256000
0 0.267154 0.382000 0.151856 0.312000