2 0.493890 0.412719 0.073322 0.141850
6 0.483080 0.379865 0.141944 0.209814
2 0.241211 0.357868 0.090619 0.186125
6 0.227016 0.349267 0.123519 0.205584
6 0.743843 0.478708 0.143072 0.250705
1 0.186125 0.356035 0.029329 0.053864
1 0.711506 0.496052 0.021245 0.058658
5 0.317165 0.736323 0.076330 0.138184
5 0.330795 0.739143 0.091183 0.129724
5 0.605565 0.711647 0.067306 0.071912
5 0.611769 0.696701 0.048129 0.056684
5 0.606035 0.737592 0.056590 0.071348
0 0.236605 0.624506 0.348750 0.750987
0 0.511562 0.509870 0.277496 0.470389
0 0.773078 0.666949 0.387667 0.666103