2 0.438185 0.439511 0.087936 0.136134
6 0.438684 0.406940 0.114457 0.200744
2 0.218943 0.290348 0.102493 0.166445
6 0.209970 0.262962 0.122433 0.219622
2 0.572582 0.267083 0.096710 0.124701
6 0.575075 0.217894 0.124826 0.225206
2 0.734796 0.461313 0.098106 0.148897
6 0.742672 0.422893 0.117846 0.229460
1 0.159023 0.269077 0.019342 0.054773
1 0.488036 0.424754 0.018544 0.048125
1 0.629013 0.243286 0.012961 0.027652
1 0.790229 0.456528 0.023131 0.038288
5 0.635394 0.796331 0.063210 0.073917
5 0.166102 0.775459 0.077767 0.086413
5 0.261515 0.770274 0.077567 0.062217
5 0.895813 0.810955 0.069990 0.073917
5 0.779761 0.829035 0.069591 0.077107
0 0.593719 0.456262 0.231505 0.702473
0 0.170688 0.484977 0.309073 0.665780
0 0.461914 0.573784 0.286142 0.523265
0 0.837787 0.588673 0.324427 0.570061