2 0.374655 0.609170 0.059148 0.124339
6 0.366610 0.597909 0.091480 0.150540
2 0.642813 0.429212 0.074165 0.122960
6 0.647027 0.402896 0.088109 0.177430
0 0.389672 0.712825 0.310144 0.384050
0 0.705945 0.657205 0.321790 0.685590
1 0.682960 0.395082 0.013791 0.046426
1 0.337343 0.610090 0.017622 0.040680
5 0.428287 0.801770 0.063745 0.073316
5 0.528884 0.835095 0.032026 0.063204
5 0.575697 0.891404 0.063439 0.056309
5 0.739350 0.838083 0.083972 0.078373
6 0.312979 0.439439 0.062672 0.114916
0 0.331367 0.505631 0.098222 0.241324