6 0.285135 0.387001 0.167181 0.158816
2 0.331660 0.414929 0.074903 0.100901
6 0.694208 0.194595 0.115830 0.126126
2 0.682432 0.214672 0.090734 0.084427
6 0.909653 0.432690 0.180695 0.122523
2 0.856757 0.442471 0.074131 0.102445
5 0.400772 0.653797 0.074903 0.061261
5 0.415637 0.709524 0.101544 0.059974
5 0.477606 0.528700 0.059459 0.061261
5 0.562162 0.632690 0.064093 0.057143
5 0.642278 0.619434 0.099228 0.051223
5 0.221236 0.941055 0.132046 0.088546
1 0.279344 0.439640 0.032046 0.026255
1 0.901737 0.482111 0.022008 0.019562
0 0.288224 0.525225 0.356371 0.433719
0 0.764865 0.518790 0.470270 0.299871
0 0.620463 0.363964 0.346718 0.463320