6 0.335758 0.581088 0.003053 0.004310
2 0.441900 0.659483 0.014188 0.024784
6 0.443068 0.656385 0.017241 0.034752
6 0.392870 0.666352 0.005927 0.011045
6 0.381555 0.669316 0.005208 0.010506
6 0.424479 0.666891 0.004849 0.008351
2 0.381915 0.670124 0.003772 0.007812
6 0.360991 0.668508 0.006106 0.011584
2 0.361800 0.669855 0.003412 0.006735
6 0.322378 0.662042 0.009698 0.019666
2 0.322378 0.664062 0.007184 0.013470
2 0.287177 0.675242 0.006825 0.011584
6 0.287446 0.673222 0.009159 0.018319
6 0.275862 0.670932 0.007902 0.017511
2 0.276491 0.672818 0.005208 0.012662
6 0.472432 0.672818 0.005208 0.009429
2 0.472342 0.672818 0.003592 0.006735
6 0.637213 0.681034 0.015445 0.029095
6 0.803790 0.644127 0.019935 0.039871
6 0.703843 0.663254 0.009698 0.019935
2 0.703305 0.665005 0.007902 0.014278
6 0.678969 0.663524 0.011315 0.021552
2 0.677353 0.664736 0.007004 0.016972
2 0.613865 0.672953 0.006106 0.010776
6 0.614763 0.672818 0.008261 0.012662
2 0.624551 0.669450 0.004131 0.008082
6 0.624282 0.667699 0.006106 0.013739
6 0.611171 0.662850 0.004310 0.008351
2 0.566361 0.673895 0.004131 0.006196
2 0.553790 0.669316 0.003412 0.007274
2 0.538075 0.673626 0.003233 0.005657
6 0.567080 0.673357 0.005208 0.008351
6 0.553341 0.667834 0.005029 0.009698
6 0.538254 0.672953 0.004310 0.008621
6 0.526850 0.667295 0.004490 0.009159
6 0.516343 0.667834 0.003233 0.004310
6 0.509878 0.668373 0.003233 0.005388
6 0.530262 0.672010 0.002694 0.005657
6 0.507364 0.665409 0.002514 0.005388
6 0.179418 0.668103 0.017601 0.030711
6 0.078574 0.674300 0.018139 0.027478
6 0.461027 0.665005 0.005029 0.006735
6 0.455101 0.665140 0.005388 0.007004
6 0.478269 0.667026 0.002514 0.005927
6 0.485004 0.665679 0.002694 0.004310
6 0.487698 0.669720 0.001976 0.004849
6 0.492816 0.666487 0.002155 0.004310
6 0.498294 0.666756 0.002694 0.004849
6 0.522091 0.665275 0.003233 0.005657
6 0.547324 0.670259 0.002694 0.005927
6 0.428341 0.668373 0.003233 0.005927
6 0.433369 0.667430 0.002155 0.004041
5 0.417744 0.775862 0.008980 0.025323
5 0.456717 0.771552 0.012572 0.020474
5 0.314745 0.693966 0.007364 0.010776
5 0.337015 0.716595 0.004849 0.009159
5 0.297863 0.719423 0.003772 0.007812
5 0.383710 0.701643 0.004849 0.008351
5 0.402029 0.699623 0.003053 0.007543
5 0.340427 0.695447 0.003772 0.008351
5 0.521372 0.690598 0.002514 0.003502
5 0.475575 0.677936 0.002514 0.004580
5 0.418642 0.687500 0.002155 0.004849
5 0.721983 0.713093 0.004670 0.007004
5 0.700880 0.694639 0.003412 0.007812
5 0.698994 0.714574 0.005747 0.012662
5 0.609106 0.703125 0.003053 0.005927
5 0.574174 0.694370 0.002874 0.004580
5 0.557830 0.690598 0.002155 0.005657
5 0.547863 0.688039 0.001976 0.004849
5 0.073545 0.718211 0.007364 0.010776
5 0.825611 0.688039 0.008621 0.015086
1 0.808818 0.645878 0.003772 0.012123
0 0.709142 0.713766 0.029993 0.120420
0 0.682741 0.722926 0.035022 0.142511
0 0.288434 0.718346 0.030891 0.105873
0 0.323994 0.711746 0.034124 0.123384
0 0.552802 0.689116 0.013290 0.049030
0 0.446121 0.772091 0.058190 0.264009
0 0.359914 0.691945 0.013649 0.056843
0 0.643319 0.760776 0.043463 0.189116
0 0.800916 0.759698 0.060524 0.282328
0 0.614045 0.687365 0.021911 0.041756
0 0.567619 0.683190 0.014907 0.029095
0 0.526491 0.682112 0.013829 0.036099
0 0.392511 0.695986 0.022091 0.075700
0 0.381555 0.691945 0.014547 0.056843
0 0.174300 0.740571 0.047234 0.177802
0 0.073006 0.744073 0.049030 0.170797
0 0.487698 0.675242 0.005927 0.017511
0 0.517152 0.675512 0.005927 0.020205
0 0.474407 0.687231 0.009878 0.035560
0 0.429239 0.674030 0.005029 0.019935
0 0.424659 0.681169 0.007723 0.037446
0 0.432830 0.673357 0.003233 0.016433