6 0.360147 0.855581 0.123843 0.204990
6 0.758295 0.828961 0.133873 0.201132
6 0.153356 0.043981 0.114969 0.087963
2 0.167149 0.044496 0.088156 0.087963
5 0.294271 0.854424 0.032600 0.049897
5 0.581115 0.702418 0.074267 0.075617
5 0.911941 0.733796 0.049961 0.100309
5 0.597029 0.058899 0.055941 0.117798
5 0.544850 0.120242 0.065008 0.121656
5 0.343846 0.407407 0.063465 0.096708
1 0.724537 0.882716 0.012346 0.020576
1 0.304109 0.870756 0.011381 0.035751
0 0.187886 0.227366 0.375772 0.454733
0 0.356481 0.876157 0.369985 0.247685
0 0.744985 0.831662 0.403549 0.336677
0 0.550733 0.091307 0.146605 0.182613