2 0.364083 0.421250 0.076833 0.151500
6 0.352917 0.383125 0.100167 0.227750
2 0.563917 0.421500 0.077833 0.115000
6 0.560083 0.392625 0.088167 0.172750
2 0.808417 0.323750 0.107500 0.216000
6 0.840000 0.276000 0.171333 0.325500
6 0.796833 0.376125 0.067000 0.146250
2 0.287500 0.193250 0.132333 0.178000
6 0.288750 0.144375 0.136167 0.270750
1 0.262167 0.109750 0.039667 0.069000
1 0.833333 0.267000 0.028667 0.079500
1 0.525083 0.385500 0.013167 0.040500
5 0.387750 0.726500 0.120167 0.085000
5 0.390417 0.654750 0.062500 0.063500
5 0.527333 0.613375 0.055333 0.055250
5 0.576000 0.606750 0.046000 0.064500
5 0.612083 0.728125 0.090500 0.111750
5 0.716250 0.878125 0.063833 0.074750
5 0.769583 0.414500 0.047500 0.095000
5 0.738750 0.582625 0.017500 0.037250
0 0.539667 0.653625 0.232667 0.692750
0 0.784500 0.558250 0.429667 0.883500
0 0.223667 0.500000 0.447000 0.999500
0 0.342917 0.628125 0.258500 0.735250