6 0.364402 0.381922 0.011413 0.018730
2 0.365149 0.387622 0.006386 0.005293
6 0.362092 0.364007 0.010598 0.017508
2 0.362908 0.368282 0.005163 0.006922
6 0.456658 0.370928 0.010598 0.013844
6 0.465693 0.361767 0.009647 0.021173
2 0.466304 0.366755 0.006793 0.008347
5 0.349321 0.425285 0.004076 0.010586
5 0.369022 0.419788 0.003533 0.009365
5 0.378601 0.403094 0.006386 0.009365
5 0.447079 0.386808 0.004212 0.007329
5 0.448573 0.380191 0.003397 0.005904
5 0.475000 0.403603 0.004076 0.008754
1 0.359647 0.367976 0.002174 0.005904
4 0.361753 0.360749 0.010190 0.010586
4 0.363111 0.379784 0.012092 0.012419
4 0.457065 0.371641 0.009783 0.013640
4 0.466372 0.357288 0.010190 0.010993
0 0.453329 0.412154 0.022418 0.098738
0 0.466168 0.397496 0.021739 0.093852
0 0.358424 0.420704 0.023913 0.098738
0 0.368886 0.401975 0.025815 0.094259