6 0.362931 0.288639 0.154043 0.315251
6 0.214944 0.318066 0.133402 0.218014
6 0.762538 0.341607 0.080860 0.148925
6 0.429717 0.079580 0.079836 0.159161
2 0.374531 0.334954 0.120948 0.234903
2 0.239935 0.339176 0.075913 0.151228
2 0.446861 0.090711 0.045206 0.130757
2 0.750597 0.350691 0.058342 0.137922
1 0.298192 0.313843 0.025930 0.076510
1 0.193023 0.324591 0.027124 0.057062
1 0.435432 0.325102 0.012453 0.079580
5 0.566104 0.850691 0.128454 0.151228
5 0.657369 0.388178 0.029512 0.084954
5 0.615831 0.452789 0.066530 0.049898
5 0.694985 0.605169 0.077107 0.059365
0 0.156772 0.551433 0.238485 0.667861
0 0.409246 0.567682 0.440805 0.864637
0 0.515183 0.250768 0.253156 0.501535
0 0.748721 0.438971 0.238485 0.387155