5 0.303615 0.648553 0.085913 0.133965
5 0.277192 0.669949 0.043119 0.107707
5 0.416437 0.555069 0.052845 0.066132
5 0.487437 0.578653 0.049279 0.070022
5 0.710893 0.584367 0.058518 0.074155
6 0.331982 0.542062 0.102772 0.198638
2 0.337008 0.565767 0.084941 0.148796
6 0.449587 0.322271 0.083482 0.191831
2 0.451451 0.345611 0.067758 0.145150
6 0.556411 0.561269 0.086076 0.175784
2 0.554871 0.574641 0.060950 0.150012
6 0.657400 0.370046 0.074728 0.145393
2 0.655293 0.387673 0.062409 0.110625
1 0.288134 0.559203 0.013454 0.045222
1 0.689901 0.365427 0.008105 0.039387
1 0.487032 0.338318 0.009240 0.037685
1 0.414330 0.334306 0.012968 0.040360
0 0.565732 0.635667 0.236667 0.331388
0 0.682363 0.578531 0.170692 0.626550
0 0.452829 0.455264 0.197277 0.454899
0 0.303372 0.659130 0.288377 0.433260