2 0.333500 0.191250 0.067667 0.144000
6 0.342083 0.171250 0.086167 0.178500
2 0.687917 0.225000 0.094500 0.186000
6 0.704917 0.202000 0.127833 0.243500
6 0.142917 0.424125 0.227500 0.328250
6 0.022750 0.237250 0.045500 0.207500
5 0.448750 0.245875 0.109833 0.188750
5 0.589750 0.218125 0.081833 0.148750
5 0.748083 0.716875 0.076500 0.086250
5 0.176167 0.159875 0.075667 0.150750
5 0.021750 0.081750 0.043500 0.099500
1 0.375667 0.198625 0.017000 0.041750
1 0.747833 0.239625 0.026000 0.055250
0 0.694250 0.419500 0.365500 0.688000
0 0.302083 0.325125 0.327167 0.491250
0 0.275250 0.575375 0.550500 0.846250