2 0.632842 0.568835 0.044632 0.095043
6 0.636105 0.562678 0.052421 0.105463
2 0.811684 0.559678 0.049895 0.093780
6 0.829158 0.548942 0.085684 0.113988
2 0.190526 0.561888 0.050526 0.096937
6 0.171053 0.553994 0.089895 0.112725
2 0.282526 0.538364 0.038737 0.072624
6 0.274632 0.535838 0.054105 0.077676
1 0.156947 0.575150 0.017053 0.026839
1 0.260632 0.557310 0.013895 0.019577
1 0.659053 0.565993 0.007789 0.026208
1 0.842105 0.567256 0.018105 0.035049
5 0.231684 0.398958 0.026316 0.106410
5 0.341368 0.790969 0.066737 0.061888
5 0.342526 0.822703 0.064421 0.029997
5 0.489684 0.511051 0.036211 0.079255
5 0.497368 0.393432 0.025895 0.044206
5 0.458526 0.353015 0.027368 0.027787
5 0.675158 0.575939 0.038737 0.084623
5 0.746000 0.584465 0.062526 0.073887
5 0.710842 0.404010 0.035579 0.064730
0 0.218526 0.744237 0.320000 0.511525
0 0.804947 0.630723 0.226316 0.516261
0 0.285579 0.570414 0.184211 0.445532
0 0.603158 0.635459 0.262316 0.333123
0 0.453474 0.521787 0.131368 0.373540