2 0.342667 0.321125 0.077667 0.139250
6 0.326500 0.287250 0.109333 0.208000
2 0.387750 0.404875 0.056500 0.117750
6 0.385667 0.379000 0.060000 0.168500
2 0.852500 0.301875 0.072667 0.126750
6 0.855750 0.278625 0.083500 0.181750
2 0.966250 0.497125 0.067500 0.157250
6 0.948250 0.433250 0.103500 0.283000
2 0.154333 0.515125 0.095333 0.205750
6 0.112583 0.481375 0.183500 0.272250
0 0.127000 0.669250 0.248333 0.661500
0 0.838167 0.409000 0.254333 0.441500
0 0.425500 0.555625 0.308667 0.520750
0 0.319000 0.496625 0.300000 0.630250
0 0.921667 0.618750 0.156667 0.754000
1 0.890500 0.277000 0.013000 0.047500
1 0.296500 0.304750 0.018000 0.049000
1 0.106000 0.523250 0.029000 0.068000
5 0.419750 0.762500 0.090833 0.074500
5 0.451917 0.704750 0.054500 0.045000
5 0.551500 0.656500 0.052333 0.050500
5 0.953417 0.642375 0.088167 0.148250
5 0.887000 0.587750 0.054667 0.087000
5 0.177667 0.966000 0.103000 0.068000