6 0.321043 0.331272 0.114209 0.217401
2 0.315498 0.372977 0.102218 0.135342
6 0.453762 0.332172 0.073291 0.122527
2 0.463279 0.349146 0.054556 0.088129
6 0.869379 0.278552 0.171013 0.220773
2 0.851844 0.281700 0.135342 0.213579
1 0.287695 0.297549 0.024730 0.051034
1 0.433678 0.355665 0.016037 0.021133
5 0.361960 0.381183 0.058753 0.155800
5 0.222872 0.852518 0.061751 0.183004
5 0.448816 0.908835 0.105665 0.165692
5 0.363085 0.686488 0.048711 0.060477
5 0.440498 0.675472 0.053957 0.060926
5 0.682029 0.927496 0.131445 0.145009
1 0.905426 0.350832 0.026978 0.035746
0 0.246028 0.610162 0.471073 0.779676
0 0.442521 0.520009 0.276529 0.515288
0 0.664194 0.582621 0.671613 0.834757