6 0.819231 0.305361 0.079019 0.148976
6 0.505322 0.250808 0.092008 0.185345
6 0.226141 0.355469 0.121054 0.173761
1 0.857568 0.313039 0.009201 0.027478
1 0.779091 0.322872 0.009201 0.035291
1 0.546365 0.263605 0.008479 0.043912
1 0.463107 0.261045 0.012268 0.042026
5 0.904564 0.939520 0.051957 0.099407
5 0.749143 0.928071 0.061519 0.102909
5 0.607252 0.879714 0.050875 0.100485
5 0.409255 0.886988 0.055385 0.103179
5 0.206928 0.868804 0.068194 0.071659
5 0.231012 0.922548 0.049251 0.076778
0 0.825095 0.609914 0.290998 0.780172
0 0.222894 0.632947 0.250226 0.734106
0 0.515154 0.580550 0.301822 0.838901