6 0.397528 0.200746 0.043165 0.077646
6 0.452038 0.239154 0.037816 0.068251
6 0.559306 0.235424 0.042797 0.081791
6 0.644162 0.181542 0.049068 0.090080
6 0.456281 0.375794 0.059214 0.079027
2 0.640564 0.196187 0.029699 0.059132
2 0.557646 0.248826 0.029884 0.052224
2 0.456189 0.242885 0.029146 0.054159
2 0.405276 0.210555 0.025825 0.055817
2 0.473806 0.374689 0.023058 0.065764
1 0.440140 0.243299 0.004796 0.018513
1 0.659288 0.186377 0.007748 0.020171
5 0.384892 0.362531 0.026379 0.039237
5 0.513743 0.440315 0.035049 0.033435
5 0.672662 0.460348 0.024534 0.051395
5 0.557185 0.354103 0.035233 0.032882
5 0.543903 0.377867 0.023796 0.036198
0 0.641395 0.428295 0.133924 0.581376
0 0.385261 0.437552 0.107176 0.549599
0 0.461262 0.324813 0.088360 0.240674
0 0.474636 0.418762 0.110312 0.168831
0 0.560137 0.349959 0.099059 0.309754