5 0.266127 0.606597 0.036302 0.043657
5 0.261818 0.668657 0.035257 0.042091
3 0.401802 0.429327 0.026378 0.048551
3 0.625686 0.226801 0.008488 0.011942
3 0.472055 0.404366 0.013319 0.024080
3 0.721141 0.178446 0.009533 0.016641
3 0.716244 0.162980 0.008096 0.015466
5 0.779055 0.173258 0.007051 0.017228
0 0.155785 0.677760 0.242883 0.552858
0 0.377057 0.370595 0.178506 0.349648
0 0.517172 0.376664 0.112170 0.211825
0 0.580765 0.354933 0.085270 0.228661
0 0.645338 0.217013 0.062418 0.164644
0 0.696527 0.180403 0.046487 0.144283
0 0.736419 0.165525 0.050013 0.129013
0 0.800862 0.137627 0.059284 0.135474