5 0.623251 0.648780 0.092897 0.122540
5 0.447078 0.484256 0.094647 0.122540
5 0.432470 0.511283 0.101819 0.198111
5 0.758485 0.873524 0.043912 0.049856
5 0.810007 0.709787 0.043387 0.029389
2 0.553446 0.431120 0.157278 0.209394
2 0.698303 0.223695 0.145381 0.215429
2 0.757873 0.633692 0.033940 0.065600
6 0.559482 0.393597 0.187894 0.342692
6 0.712386 0.193519 0.173548 0.285752
6 0.748163 0.605091 0.062106 0.098662
1 0.488453 0.366439 0.025892 0.084755
1 0.641795 0.157701 0.023268 0.073996
0 0.570679 0.501837 0.456963 0.962739
0 0.454951 0.598531 0.435794 0.796117
0 0.760934 0.739963 0.136634 0.360535