2 0.333376 0.470759 0.072890 0.068542
2 0.479412 0.607587 0.082097 0.066667
2 0.639898 0.520546 0.054731 0.056948
2 0.286317 0.595226 0.080051 0.066155
2 0.705371 0.596078 0.081330 0.067178
6 0.647187 0.503666 0.082609 0.087298
6 0.712404 0.587724 0.095908 0.083546
6 0.478133 0.589685 0.117391 0.112020
6 0.321739 0.457971 0.113555 0.086616
6 0.274808 0.573146 0.106138 0.103836
1 0.752430 0.586445 0.014322 0.022677
1 0.526471 0.593947 0.012532 0.023700
1 0.435038 0.599403 0.010742 0.021313
1 0.234527 0.588491 0.021483 0.023700
5 0.683376 0.671100 0.094118 0.034101
5 0.258824 0.734612 0.085934 0.040068
0 0.240537 0.631202 0.254987 0.208014
0 0.324808 0.507843 0.295652 0.215345
0 0.473402 0.636488 0.407673 0.212106
0 0.764322 0.605371 0.345013 0.291390
0 0.815217 0.683802 0.366496 0.291731