6 0.444762 0.404412 0.075556 0.134191
6 0.173984 0.500613 0.146620 0.284926
6 0.805697 0.484835 0.173371 0.291360
5 0.463753 0.479779 0.031856 0.082108
5 0.443128 0.727328 0.051460 0.090074
2 0.441801 0.425858 0.054115 0.092525
2 0.796916 0.528186 0.139882 0.204044
1 0.724729 0.473192 0.011436 0.065870
1 0.863692 0.535080 0.030018 0.063419
1 0.411681 0.398284 0.008577 0.029412
1 0.115275 0.541820 0.014499 0.049939
0 0.435573 0.598805 0.224219 0.527267
0 0.712273 0.669884 0.480702 0.660233
0 0.202165 0.678922 0.292832 0.642157