6 0.725139 0.456783 0.117164 0.101313
6 0.628815 0.428556 0.095832 0.082057
6 0.430423 0.294420 0.146702 0.112691
6 0.071710 0.264551 0.143420 0.176368
2 0.693961 0.478228 0.046931 0.054486
2 0.627831 0.441028 0.080079 0.052735
2 0.413686 0.307112 0.109288 0.077681
2 0.097637 0.277243 0.083032 0.150985
1 0.476370 0.309409 0.025271 0.027571
1 0.709714 0.471554 0.012799 0.023195
1 0.662619 0.421225 0.013784 0.014442
1 0.054152 0.272648 0.045947 0.059519
5 0.332950 0.548578 0.064654 0.070897
5 0.352478 0.562035 0.057762 0.084245
5 0.348211 0.745295 0.092550 0.107221
5 0.623072 0.550109 0.051526 0.036324
5 0.677716 0.572538 0.052511 0.029103
5 0.577946 0.585777 0.049885 0.040263
0 0.755825 0.620350 0.422054 0.421007
0 0.629143 0.475274 0.117493 0.205689
0 0.548244 0.594311 0.702658 0.811379
0 0.290450 0.579650 0.580899 0.813567