2 0.048872 0.410792 0.077719 0.149656
6 0.043781 0.397938 0.087222 0.175872
2 0.188529 0.400993 0.061429 0.110206
6 0.175632 0.389158 0.088919 0.134894
2 0.451807 0.442224 0.054471 0.113769
6 0.438741 0.431917 0.081962 0.134385
2 0.630324 0.377959 0.049381 0.097226
6 0.629560 0.369432 0.065162 0.113769
1 0.421517 0.460041 0.020363 0.026724
1 0.150687 0.409773 0.019006 0.035123
1 0.008569 0.430517 0.016800 0.040977
1 0.606397 0.390939 0.009672 0.025452
1 0.656202 0.378595 0.005091 0.024179
2 0.869421 0.364851 0.073477 0.125477
6 0.867894 0.351998 0.088071 0.152202
5 0.683523 0.464749 0.038011 0.071774
5 0.574750 0.603461 0.042423 0.038687
5 0.396063 0.621150 0.038011 0.043013
5 0.266248 0.695597 0.046835 0.037669
5 0.295775 0.700051 0.069235 0.102062
5 0.205668 0.627768 0.039708 0.061339
5 0.112676 0.591626 0.062786 0.063884
0 0.836246 0.637567 0.321059 0.724866
0 0.173002 0.653601 0.345664 0.692797
0 0.162905 0.500891 0.166299 0.380758
0 0.407093 0.659328 0.203631 0.591754
0 0.658069 0.655001 0.211777 0.689997