6 0.378427 0.517178 0.026042 0.021199
2 0.373904 0.518092 0.015899 0.015716
6 0.430647 0.524945 0.011513 0.012244
6 0.880620 0.543768 0.017818 0.014437
6 0.866365 0.540387 0.016173 0.015351
2 0.866228 0.540570 0.010965 0.010234
6 0.738213 0.514985 0.036732 0.025585
6 0.706003 0.519463 0.027686 0.025037
6 0.667900 0.513980 0.020559 0.021382
6 0.683388 0.520742 0.010965 0.016265
6 0.803454 0.539839 0.018092 0.014620
1 0.732319 0.521016 0.004112 0.007310
5 0.801946 0.541484 0.011239 0.008772
5 0.812774 0.536367 0.007675 0.005482
5 0.851288 0.558480 0.008498 0.006579
5 0.871711 0.547332 0.007675 0.006213
0 0.372807 0.532072 0.052632 0.055373
0 0.855126 0.557840 0.041941 0.049159
0 0.429002 0.527686 0.026864 0.018458
0 0.746711 0.529697 0.053728 0.059028
0 0.802357 0.576754 0.059759 0.088450