6 0.107345 0.450739 0.031244 0.062945
6 0.141330 0.507800 0.038187 0.076355
2 0.105609 0.451013 0.027042 0.033935
6 0.251416 0.393268 0.021560 0.043788
6 0.272063 0.413383 0.027407 0.050629
6 0.309794 0.445129 0.032706 0.065955
6 0.349900 0.372332 0.019368 0.038588
6 0.389731 0.389984 0.021560 0.044335
6 0.644893 0.503831 0.038187 0.074986
6 0.734972 0.454844 0.031610 0.060755
6 0.795085 0.427477 0.025763 0.053093
6 0.666819 0.390394 0.023205 0.043514
6 0.621232 0.427750 0.027407 0.053640
6 0.612370 0.387384 0.018454 0.038588
6 0.542116 0.389026 0.021926 0.040230
6 0.557007 0.446907 0.029052 0.061850
6 0.934314 0.509715 0.050247 0.090586
1 0.156313 0.510400 0.006395 0.017515
1 0.120866 0.450876 0.004202 0.013957
1 0.322766 0.448550 0.005664 0.015326
1 0.282112 0.421045 0.004385 0.011221
1 0.260369 0.393952 0.003289 0.009579
1 0.355655 0.377668 0.005664 0.009305
1 0.659054 0.517241 0.004385 0.010400
1 0.675863 0.393268 0.003289 0.009852
1 0.656313 0.390941 0.003289 0.010126
1 0.610086 0.424056 0.003289 0.009579
1 0.568518 0.452518 0.005299 0.015052
1 0.916591 0.505337 0.005299 0.018336
1 0.783574 0.425835 0.003472 0.014231
5 0.096200 0.569513 0.026494 0.029009
5 0.098666 0.581828 0.017906 0.020252
5 0.099488 0.655993 0.018820 0.025178
5 0.126530 0.664340 0.023205 0.027094
5 0.307418 0.574849 0.015531 0.016694
5 0.375206 0.458812 0.017723 0.021073
5 0.392015 0.456623 0.012607 0.018883
5 0.239631 0.437739 0.021378 0.023810
5 0.247305 0.515052 0.014800 0.009305
5 0.260826 0.523810 0.010780 0.015873
5 0.340855 0.458949 0.011876 0.013684
5 0.661612 0.682266 0.030331 0.029009
5 0.662982 0.689245 0.032341 0.027094
5 0.725745 0.574849 0.018272 0.021073
5 0.542024 0.574986 0.015165 0.008758
5 0.666362 0.496032 0.011328 0.029830
5 0.790608 0.525178 0.013521 0.014231
5 0.792344 0.534893 0.008953 0.011768
5 0.970217 0.631500 0.027042 0.032020
5 0.945277 0.626300 0.021378 0.029830
0 0.549699 0.499726 0.090809 0.166393
0 0.258542 0.473591 0.070163 0.175972
0 0.305500 0.545293 0.090627 0.265736
0 0.675498 0.445265 0.070893 0.152162
0 0.934131 0.697455 0.131738 0.466612
0 0.092454 0.540640 0.070893 0.240011
0 0.131372 0.638889 0.105244 0.336891
0 0.234058 0.439381 0.055911 0.134921
0 0.344327 0.426793 0.050978 0.149699
0 0.379317 0.445402 0.070528 0.156267
0 0.660150 0.707170 0.119130 0.483306
0 0.618399 0.486727 0.066326 0.172140
0 0.733875 0.533935 0.082770 0.216201
0 0.786315 0.487411 0.054997 0.174603
0 0.603508 0.408593 0.037639 0.081007
0 0.539192 0.422551 0.037274 0.108374