6 0.641785 0.460912 0.021851 0.042658
2 0.640503 0.471256 0.013428 0.020871
1 0.644287 0.461095 0.003662 0.008239
6 0.606934 0.341999 0.013428 0.028561
2 0.607910 0.350330 0.010742 0.011900
6 0.685547 0.317649 0.008301 0.017210
2 0.686646 0.319663 0.006104 0.010619
1 0.683777 0.316001 0.001587 0.004394
6 0.886353 0.387953 0.019287 0.035884
1 0.890381 0.388685 0.003418 0.009154
2 0.882935 0.395734 0.013428 0.020688
5 0.213440 0.393903 0.036255 0.052911
5 0.550720 0.586324 0.011841 0.030575
5 0.519287 0.588978 0.011475 0.020505
5 0.633545 0.548609 0.012207 0.016294
5 0.656067 0.392347 0.012817 0.017576
5 0.621887 0.402234 0.012329 0.010985
5 0.862915 0.432351 0.008057 0.006042
3 0.372620 0.603625 0.056519 0.028927
3 0.376282 0.558495 0.053101 0.022885
3 0.588013 0.517942 0.016602 0.013548
3 0.607056 0.509337 0.018799 0.012816
0 0.654968 0.508696 0.055054 0.136763
0 0.625244 0.407635 0.071045 0.160198
0 0.678589 0.324789 0.023438 0.034053
0 0.893982 0.440773 0.070923 0.141523
0 0.183411 0.655529 0.130493 0.575796
0 0.347107 0.587971 0.112915 0.199378
0 0.466919 0.629165 0.083984 0.210363
0 0.446655 0.527737 0.090332 0.172281
0 0.553772 0.555291 0.060913 0.179421
0 0.583496 0.475009 0.065918 0.100146