6 0.330019 0.281025 0.091759 0.082255
2 0.336967 0.286456 0.071634 0.068519
6 0.456517 0.184236 0.097508 0.094074
2 0.461548 0.204839 0.078821 0.044242
6 0.552587 0.291088 0.093675 0.097908
2 0.555462 0.310414 0.085050 0.057020
6 0.643867 0.278550 0.115716 0.108928
2 0.613321 0.292525 0.056061 0.078741
5 0.470771 0.416707 0.065644 0.036416
5 0.440944 0.239578 0.048155 0.051429
5 0.328582 0.402571 0.051030 0.025076
5 0.480594 0.392030 0.045041 0.014854
5 0.487302 0.398978 0.046957 0.017889
1 0.294562 0.285897 0.014135 0.021083
1 0.496287 0.181760 0.013177 0.023638
1 0.642310 0.280706 0.017729 0.025395
0 0.333014 0.333972 0.244370 0.191343
0 0.496287 0.256509 0.184236 0.243412
0 0.564806 0.334851 0.223047 0.186392
0 0.657882 0.336128 0.439387 0.224086