6 0.796000 0.301250 0.018000 0.029500
2 0.795333 0.306250 0.013333 0.019500
6 0.643833 0.525000 0.052333 0.078000
6 0.109000 0.182500 0.006000 0.010000
6 0.153167 0.193500 0.009667 0.014000
6 0.188000 0.192500 0.007333 0.011000
6 0.747000 0.209750 0.013333 0.018500
0 0.618333 0.706750 0.138000 0.586500
5 0.611333 0.432000 0.025333 0.039000
5 0.574167 0.470750 0.023000 0.055500
1 0.627833 0.546000 0.008333 0.019000
0 0.797667 0.324750 0.038000 0.076500
1 0.802667 0.299250 0.004000 0.009500
5 0.724167 0.241500 0.005667 0.011000
0 0.110833 0.210250 0.021000 0.068500
0 0.157333 0.205500 0.018667 0.037000
0 0.191500 0.201500 0.024333 0.030000
0 0.742500 0.235250 0.042333 0.071500