6 0.472136 0.573099 0.034572 0.065359
6 0.360552 0.593051 0.032766 0.060544
4 0.361584 0.586343 0.031734 0.047816
4 0.474071 0.559856 0.036894 0.036120
7 0.484004 0.652907 0.066047 0.119023
7 0.352941 0.656003 0.092879 0.095631
7 0.551600 0.712762 0.066047 0.122463
2 0.472394 0.589095 0.021156 0.026488
1 0.486068 0.580323 0.005676 0.017200
3 0.448787 0.654111 0.022446 0.023736
5 0.336429 0.714482 0.018576 0.011008
2 0.361842 0.615067 0.018834 0.015824
0 0.485939 0.624527 0.069917 0.170967
0 0.355392 0.635363 0.102941 0.168559