6 0.301363 0.266434 0.054521 0.095120
6 0.424701 0.273033 0.077460 0.126743
6 0.500665 0.269173 0.066489 0.107570
6 0.777427 0.145294 0.121011 0.196464
2 0.732630 0.184636 0.026097 0.102341
2 0.487866 0.273904 0.035239 0.083665
2 0.410987 0.279382 0.046709 0.104084
2 0.307430 0.271041 0.039395 0.076444
1 0.742852 0.142804 0.014295 0.054532
1 0.440658 0.308516 0.017287 0.031375
1 0.279422 0.273655 0.011303 0.026394
5 0.403674 0.490538 0.031416 0.050299
5 0.378740 0.518675 0.037068 0.064243
5 0.269448 0.470867 0.044548 0.077689
5 0.330369 0.432769 0.027427 0.035359
5 0.386469 0.477216 0.017620 0.026145
5 0.673703 0.505229 0.043218 0.063745
0 0.478225 0.504607 0.199468 0.583914
0 0.762217 0.334288 0.327959 0.593875
0 0.383145 0.498506 0.198138 0.605578
0 0.325050 0.460159 0.153424 0.490040