6 0.605862 0.492477 0.007581 0.014042
5 0.610392 0.492477 0.004068 0.007355
5 0.412907 0.496489 0.005547 0.010699
5 0.393306 0.522233 0.005917 0.011367
0 0.821006 0.418756 0.017751 0.061184
0 0.799464 0.412905 0.022004 0.052156
0 0.780695 0.420929 0.025148 0.040120
0 0.750092 0.378134 0.014978 0.058843
0 0.789109 0.326814 0.017567 0.039786
0 0.734837 0.309094 0.012944 0.046473
0 0.718473 0.349549 0.020525 0.049816
0 0.730584 0.375794 0.011464 0.033434
0 0.604197 0.524239 0.022004 0.090939
0 0.442215 0.503678 0.023854 0.077900
0 0.404678 0.491642 0.020525 0.090605
0 0.390533 0.512203 0.015902 0.085590
0 0.376109 0.592277 0.030325 0.055834
0 0.359837 0.624206 0.028846 0.053494
0 0.326276 0.693246 0.024593 0.063858
0 0.285688 0.724507 0.035873 0.060181
0 0.247874 0.773320 0.039386 0.060849
0 0.194896 0.831829 0.025888 0.054831
0 0.158284 0.883317 0.034024 0.076229
0 0.139238 0.509194 0.034763 0.060849
0 0.015163 0.498997 0.030325 0.081912