2 0.340221 0.297573 0.020183 0.106920
6 0.309226 0.284599 0.083133 0.134310
2 0.678200 0.474051 0.070159 0.134551
6 0.697741 0.443537 0.112126 0.197501
2 0.312110 0.494954 0.072882 0.134551
6 0.289444 0.441494 0.119814 0.241470
2 0.663703 0.329169 0.046292 0.066795
6 0.681643 0.300817 0.082172 0.122057
1 0.298094 0.480899 0.023707 0.044930
1 0.718885 0.491350 0.020183 0.044690
1 0.705110 0.323282 0.013135 0.021384
5 0.353196 0.677439 0.059907 0.081932
5 0.421272 0.598030 0.062470 0.055742
5 0.401970 0.447621 0.048214 0.048054
5 0.391799 0.480778 0.050937 0.049976
5 0.615009 0.460476 0.032837 0.047814
5 0.589300 0.505286 0.026590 0.042768
5 0.648326 0.550336 0.085696 0.106439
5 0.632388 0.541206 0.050937 0.087698
0 0.749880 0.645363 0.289124 0.629505
0 0.670591 0.336857 0.139837 0.296492
0 0.344706 0.388755 0.164344 0.343585
0 0.286241 0.614368 0.333494 0.585776