2 0.482687 0.356506 0.075349 0.055089
6 0.489278 0.334470 0.090498 0.102046
2 0.721523 0.558040 0.055282 0.067025
6 0.746311 0.544924 0.106040 0.091159
6 0.288707 0.621459 0.106040 0.078437
1 0.763722 0.580535 0.024002 0.018888
1 0.241393 0.628869 0.009837 0.018232
1 0.332481 0.640018 0.009837 0.015084
5 0.433504 0.514297 0.076136 0.036726
5 0.332087 0.505509 0.053905 0.032529
5 0.633189 0.703174 0.065119 0.025446
5 0.470490 0.734391 0.055676 0.044596
5 0.379008 0.689664 0.065119 0.039612
0 0.731753 0.718389 0.297265 0.450682
0 0.475900 0.485572 0.343104 0.406086
0 0.320677 0.791579 0.373402 0.416842