6 0.198558 0.364904 0.071154 0.138462
6 0.380529 0.430649 0.076763 0.173317
2 0.390465 0.462981 0.051763 0.103846
6 0.505128 0.472476 0.066346 0.126202
2 0.500881 0.499038 0.055929 0.074519
2 0.584054 0.397236 0.042788 0.067067
6 0.599679 0.371635 0.074359 0.119712
2 0.769712 0.498798 0.054167 0.103365
6 0.772596 0.473678 0.060256 0.151202
3 0.422837 0.646875 0.065224 0.069712
3 0.481971 0.647115 0.048878 0.090865
3 0.267708 0.603245 0.044071 0.052163
3 0.123638 0.646635 0.036378 0.022596
3 0.718590 0.695192 0.044231 0.056731
3 0.802724 0.689543 0.042628 0.071875
1 0.213301 0.393149 0.010577 0.036779
1 0.380048 0.428606 0.013622 0.030288
1 0.607452 0.391947 0.011699 0.036298
1 0.795753 0.476322 0.010417 0.030529
4 0.199119 0.343269 0.094712 0.095192
4 0.382372 0.387740 0.086538 0.086538
4 0.504087 0.440505 0.069391 0.065625
4 0.604888 0.361178 0.088622 0.098317
4 0.775721 0.436659 0.064263 0.080048
7 0.811859 0.626202 0.098397 0.238462
7 0.618990 0.557212 0.162981 0.291346
7 0.489183 0.616707 0.126122 0.173798
7 0.336058 0.560577 0.115385 0.242308
7 0.193269 0.547115 0.164744 0.248077
0 0.801522 0.569351 0.122276 0.348798
0 0.613542 0.510817 0.308173 0.404808
0 0.482452 0.554207 0.123878 0.292548
0 0.370353 0.518510 0.174359 0.349038
0 0.217788 0.487620 0.262821 0.383894