2 0.454956 0.360923 0.074951 0.138802
6 0.434204 0.287676 0.118164 0.284197
2 0.686584 0.299487 0.090942 0.144845
6 0.680237 0.260850 0.104614 0.220656
6 0.856506 0.751053 0.174927 0.254715
1 0.413330 0.342245 0.009033 0.030764
1 0.635071 0.263413 0.011597 0.043032
5 0.557007 0.747940 0.050049 0.080388
5 0.408813 0.754441 0.050537 0.079106
5 0.783142 0.549075 0.062378 0.083684
5 0.696838 0.562077 0.072144 0.085515
5 0.669128 0.845541 0.049927 0.106391
0 0.687378 0.378044 0.282471 0.454679
0 0.441528 0.469969 0.280518 0.648416
0 0.820862 0.810474 0.358276 0.379051