6 0.618042 0.412332 0.063443 0.160235
2 0.620755 0.447987 0.059434 0.084732
1 0.648113 0.407089 0.013208 0.043205
1 0.318750 0.343750 0.004953 0.014681
2 0.325825 0.358851 0.010613 0.023909
1 0.706014 0.233851 0.006368 0.014681
5 0.646226 0.616611 0.047170 0.078020
5 0.404481 0.321099 0.014623 0.028104
3 0.654245 0.709732 0.053302 0.087248
3 0.112146 0.354866 0.012972 0.041107
3 0.174528 0.350881 0.012736 0.046560
3 0.334434 0.427223 0.016509 0.028104
3 0.790566 0.428482 0.032547 0.054111
3 0.723349 0.448826 0.026415 0.031040
3 0.673821 0.364723 0.013208 0.033977
3 0.811085 0.240352 0.015566 0.025168
3 0.941981 0.419463 0.014623 0.026846
0 0.643278 0.539639 0.189387 0.418205
0 0.392807 0.313968 0.048821 0.233641
0 0.448467 0.365562 0.070047 0.132970
0 0.317453 0.382341 0.089151 0.139681
0 0.141745 0.315646 0.078302 0.276426
0 0.085024 0.074874 0.054009 0.128775
0 0.699057 0.312710 0.052830 0.216862
0 0.660259 0.334312 0.044104 0.110738
0 0.811910 0.396602 0.147406 0.276426
0 0.959316 0.378356 0.081368 0.135906
0 0.974646 0.273909 0.050708 0.100671
0 0.764623 0.324035 0.074057 0.408977