6 0.498941 0.713522 0.022535 0.042473
6 0.699827 0.437012 0.026772 0.040162
6 0.741622 0.146345 0.023690 0.042473
6 0.268779 0.270009 0.023690 0.035539
5 0.664002 0.515025 0.009438 0.020514
5 0.454931 0.722190 0.007704 0.017625
1 0.692122 0.429645 0.006356 0.009246
1 0.492392 0.722335 0.005200 0.010402
1 0.260015 0.277088 0.004622 0.012713
1 0.278216 0.275932 0.002504 0.012713
2 0.695782 0.443947 0.015601 0.020514
0 0.681529 0.457671 0.056433 0.110373
0 0.493451 0.747183 0.089753 0.123664
0 0.286306 0.321728 0.076079 0.157469
0 0.870281 0.063999 0.088790 0.127420
0 0.720435 0.190841 0.084168 0.148801