2 0.243810 0.207273 0.029784 0.052468
2 0.466234 0.463636 0.040000 0.061818
2 0.631515 0.494416 0.037403 0.060000
6 0.636537 0.481558 0.049524 0.091948
6 0.472727 0.451688 0.058874 0.098182
6 0.224589 0.176753 0.071342 0.117662
1 0.488918 0.467013 0.012641 0.023896
1 0.654199 0.486364 0.011429 0.022597
5 0.656190 0.623377 0.039654 0.040000
5 0.432381 0.578571 0.015238 0.047532
5 0.310996 0.373766 0.030130 0.044156
0 0.484416 0.623896 0.210390 0.474286
0 0.672727 0.666883 0.216797 0.468312
0 0.227273 0.477532 0.213160 0.757143