6 0.202000 0.486667 0.186000 0.110333
6 0.657875 0.473083 0.106750 0.094500
6 0.852875 0.483917 0.168250 0.100500
2 0.259250 0.502250 0.060500 0.057167
2 0.800375 0.490750 0.063750 0.069500
2 0.644250 0.481167 0.078500 0.078000
1 0.840375 0.496417 0.016250 0.016500
1 0.693000 0.479500 0.020500 0.024667
5 0.764500 0.670917 0.047000 0.049167
5 0.759625 0.671667 0.047250 0.038667
5 0.651125 0.604417 0.058250 0.027833
5 0.455125 0.627167 0.092750 0.047667
5 0.430375 0.632167 0.096750 0.055667
5 0.540375 0.615083 0.050750 0.029833
0 0.654625 0.535250 0.281250 0.224500
0 0.816250 0.717083 0.300500 0.565833
0 0.297375 0.684833 0.487250 0.509333