6 0.108662 0.233856 0.216306 0.333970
2 0.165732 0.276653 0.101656 0.247612
6 0.492229 0.245892 0.121274 0.261750
2 0.502548 0.281429 0.100637 0.193733
6 0.667898 0.453764 0.108280 0.194498
2 0.656051 0.463699 0.084586 0.172335
6 0.939873 0.292511 0.120255 0.189912
2 0.909809 0.305120 0.061146 0.164692
5 0.349936 0.663546 0.096051 0.117310
1 0.100764 0.234238 0.035924 0.094001
1 0.447389 0.245892 0.019363 0.062285
1 0.704841 0.486817 0.025223 0.049675
0 0.198217 0.533053 0.396433 0.933894
0 0.892357 0.599541 0.215287 0.800917
0 0.642930 0.514712 0.234650 0.430264
0 0.387261 0.557318 0.334777 0.885365
5 0.234522 0.900076 0.067006 0.034008