6 0.820517 0.352235 0.192864 0.145816
6 0.419563 0.344340 0.158720 0.133716
6 0.105506 0.468724 0.122424 0.097006
2 0.445555 0.356542 0.100584 0.107260
2 0.751307 0.370898 0.049523 0.094135
2 0.078899 0.481850 0.064288 0.042453
1 0.388650 0.338392 0.021839 0.035275
1 0.780990 0.356132 0.029529 0.048605
1 0.135035 0.483798 0.022147 0.026661
5 0.361889 0.799631 0.143648 0.090238
5 0.102276 0.497231 0.059982 0.085521
5 0.010766 0.588084 0.021532 0.049426
5 0.517379 0.494770 0.061520 0.056399
0 0.124269 0.526559 0.248539 0.194627
0 0.383882 0.551169 0.382651 0.561731
0 0.770532 0.568294 0.458936 0.609516