6 0.469938 0.312226 0.152961 0.272478
6 0.659905 0.437089 0.058845 0.125274
6 0.098227 0.399671 0.074013 0.078947
6 0.141173 0.384046 0.060855 0.115132
6 0.024671 0.274260 0.048977 0.101151
6 0.804094 0.498218 0.057749 0.097314
6 0.907712 0.508498 0.057018 0.086075
2 0.490406 0.356497 0.076206 0.157072
2 0.815698 0.512747 0.028326 0.053454
2 0.645011 0.444764 0.026133 0.074836
2 0.022204 0.285088 0.044042 0.067434
1 0.433023 0.328262 0.023940 0.052357
1 0.151133 0.389940 0.012061 0.030428
1 0.109192 0.418448 0.014437 0.024397
1 0.662189 0.438048 0.012975 0.027412
1 0.795687 0.509046 0.012061 0.026864
1 0.918951 0.510280 0.008224 0.022204
5 0.571729 0.795504 0.087171 0.106908
5 0.855446 0.827166 0.024123 0.046327
4 0.469298 0.252878 0.148757 0.176809
0 0.514163 0.573191 0.385051 0.796053
5 0.693896 0.795093 0.019371 0.074287
0 0.784174 0.708607 0.166667 0.522478
0 0.908443 0.730126 0.139620 0.539748
0 0.630117 0.683114 0.166667 0.633772
0 0.182749 0.664337 0.145468 0.671327