6 0.325750 0.265333 0.081500 0.081333
6 0.477250 0.607667 0.101500 0.086000
6 0.803500 0.118500 0.049000 0.051000
2 0.328750 0.279833 0.063500 0.052333
2 0.573000 0.137333 0.024000 0.021333
2 0.797000 0.122667 0.034000 0.032000
1 0.291750 0.267833 0.012500 0.017000
1 0.436250 0.620500 0.011500 0.018333
1 0.819000 0.125000 0.010000 0.015333
5 0.346500 0.551500 0.046000 0.065667
5 0.273750 0.432500 0.051500 0.051667
5 0.395750 0.439000 0.047500 0.050667
5 0.731000 0.165833 0.032000 0.026333
5 0.707000 0.191333 0.028000 0.019333
5 0.698000 0.166000 0.040000 0.028667
5 0.668750 0.194667 0.040500 0.016000
0 0.298000 0.386333 0.239000 0.359333
0 0.415000 0.759833 0.269000 0.480333
0 0.554750 0.227333 0.321500 0.237333
0 0.803000 0.186333 0.177000 0.172000