6 0.116417 0.328297 0.141833 0.167582
2 0.158167 0.352023 0.058667 0.118631
6 0.346333 0.670455 0.145667 0.227023
6 0.909917 0.718781 0.169833 0.207792
2 0.862000 0.676199 0.074667 0.123127
5 0.776083 0.602273 0.070833 0.124625
5 0.795583 0.583042 0.046500 0.086663
5 0.415250 0.542957 0.080167 0.056943
5 0.511583 0.678322 0.057500 0.096404
5 0.714167 0.078172 0.045333 0.113387
5 0.799083 0.030844 0.063500 0.061189
5 0.104417 0.069431 0.077833 0.118881
5 0.351333 0.038337 0.047667 0.040709
5 0.299250 0.302822 0.052500 0.113137
0 0.812333 0.678571 0.375333 0.572428
0 0.379583 0.752123 0.321167 0.476773
0 0.198083 0.314810 0.358500 0.593656
0 0.822167 0.107143 0.257667 0.213786
0 0.070083 0.151973 0.139833 0.303447