6 0.415118 0.260697 0.096565 0.124776
2 0.423283 0.276710 0.077421 0.091212
6 0.722551 0.262106 0.070664 0.074302
2 0.706222 0.267871 0.038007 0.061235
6 0.505208 0.274276 0.076858 0.072508
6 0.908080 0.509224 0.067849 0.085831
2 0.906672 0.531770 0.049831 0.039713
5 0.955800 0.615552 0.045045 0.037151
1 0.881898 0.513579 0.014358 0.021778
1 0.376689 0.268255 0.019144 0.030233
5 0.502675 0.476300 0.072917 0.053292
5 0.634854 0.419421 0.031532 0.033820
5 0.690456 0.390597 0.030687 0.026902
0 0.429195 0.351140 0.221002 0.306175
0 0.689330 0.351781 0.139921 0.255701
0 0.902590 0.571483 0.194820 0.211376
0 0.532798 0.354727 0.147804 0.231873
0 0.967905 0.441712 0.064189 0.297720