6 0.526000 0.098083 0.075500 0.079833
6 0.238625 0.390333 0.091250 0.084667
2 0.525625 0.107833 0.060250 0.060333
6 0.810125 0.406500 0.092250 0.087667
1 0.492375 0.100833 0.006750 0.018333
1 0.558500 0.101333 0.008500 0.018667
1 0.201250 0.392083 0.011500 0.014833
1 0.270750 0.397000 0.009500 0.017667
1 0.844000 0.421083 0.013000 0.016833
1 0.775875 0.421750 0.010750 0.017500
3 0.443500 0.304917 0.055000 0.048500
3 0.634625 0.331083 0.040250 0.048167
5 0.165250 0.639583 0.058000 0.046167
5 0.265250 0.537500 0.052500 0.034333
5 0.744500 0.566750 0.015500 0.026500
0 0.515500 0.322167 0.277000 0.547667
0 0.809875 0.617333 0.219250 0.509333
0 0.221500 0.615333 0.220000 0.534667
4 0.810000 0.386667 0.092500 0.049000
4 0.239250 0.363917 0.088500 0.044500