6 0.231833 0.529595 0.089667 0.078671
6 0.571250 0.756494 0.141500 0.218781
6 0.936917 0.432318 0.126167 0.180819
5 0.033833 0.349401 0.067333 0.150849
5 0.376250 0.485514 0.058833 0.075924
5 0.581750 0.568931 0.057500 0.145854
5 0.525750 0.624875 0.075167 0.057942
5 0.901500 0.288212 0.064333 0.105395
5 0.872667 0.376748 0.050000 0.110140
5 0.295833 0.188312 0.048667 0.023477
0 0.277833 0.504745 0.308000 0.657842
0 0.544750 0.723277 0.299833 0.453047
0 0.879167 0.438062 0.241667 0.460539
0 0.065000 0.467532 0.129667 0.391608