2 0.479911 0.322433 0.074702 0.141741
6 0.475967 0.306696 0.092113 0.172768
2 0.235268 0.315737 0.093155 0.197545
6 0.214881 0.292522 0.137500 0.245759
6 0.902455 0.418973 0.195089 0.581696
5 0.269122 0.689955 0.121875 0.132589
5 0.496577 0.410826 0.050893 0.062723
5 0.492783 0.534263 0.046875 0.045313
5 0.228274 0.590067 0.072321 0.061830
5 0.515848 0.770759 0.162649 0.183036
1 0.177232 0.299442 0.018750 0.055580
0 0.231622 0.453348 0.338839 0.599554
0 0.717039 0.566964 0.565923 0.866071
0 0.526860 0.389397 0.237351 0.393080