6 0.524196 0.350964 0.061098 0.050279
6 0.821438 0.429267 0.088402 0.090827
6 0.926467 0.413498 0.108678 0.075149
6 0.180319 0.402054 0.097864 0.078933
2 0.525277 0.351505 0.049743 0.040548
2 0.891998 0.417372 0.028386 0.052983
2 0.226007 0.430528 0.025412 0.042891
2 0.219384 0.414309 0.019735 0.044332
1 0.202758 0.418994 0.011354 0.018382
1 0.500406 0.356461 0.009192 0.011894
1 0.913355 0.422058 0.011625 0.020905
5 0.743444 0.545594 0.048121 0.026131
5 0.695188 0.511173 0.045688 0.029735
5 0.515274 0.471797 0.033523 0.030997
5 0.461341 0.511534 0.021898 0.031898
5 0.780211 0.536673 0.042714 0.029915
5 0.390916 0.547126 0.037307 0.030276
0 0.539200 0.496306 0.180860 0.359344
0 0.286564 0.562263 0.356853 0.406560
0 0.856853 0.510633 0.254393 0.279149
0 0.783725 0.472157 0.201135 0.168319