2 0.483036 0.418229 0.100446 0.089435
6 0.453683 0.390923 0.160491 0.145238
2 0.610379 0.346875 0.133259 0.079464
6 0.601451 0.313765 0.150670 0.139137
2 0.389397 0.152307 0.061830 0.100744
6 0.340513 0.136012 0.160045 0.133631
1 0.413281 0.418378 0.031027 0.040625
1 0.538058 0.321875 0.022098 0.033631
5 0.670201 0.570461 0.104241 0.058780
5 0.665179 0.556920 0.089286 0.049554
5 0.652121 0.513467 0.093527 0.045387
5 0.609152 0.480580 0.084821 0.027827
0 0.469754 0.625744 0.627455 0.679762
0 0.263058 0.324628 0.319420 0.509375
0 0.654241 0.540253 0.298214 0.597470