6 0.384501 0.256701 0.138854 0.240906
6 0.514331 0.260051 0.078769 0.134014
6 0.656051 0.222559 0.054352 0.104340
6 0.690870 0.236918 0.027601 0.066688
6 0.074204 0.312380 0.148408 0.458200
1 0.350955 0.260530 0.019533 0.050096
5 0.453079 0.653797 0.088323 0.102106
5 0.494268 0.573548 0.081953 0.092214
5 0.584713 0.416241 0.044586 0.050096
0 0.370913 0.447990 0.336306 0.613274
0 0.535669 0.366465 0.145223 0.369177
0 0.650531 0.287971 0.089597 0.246011
0 0.712845 0.286854 0.072824 0.176133
0 0.145329 0.530153 0.290658 0.914805