6 0.937042 0.541709 0.021319 0.046231
6 0.920553 0.593970 0.044304 0.077387
6 0.981179 0.578894 0.034310 0.054271
6 0.578947 0.347236 0.072618 0.109548
6 0.103931 0.324121 0.020653 0.051256
6 0.188374 0.365075 0.041639 0.077889
5 0.083611 0.400000 0.029980 0.045226
2 0.564290 0.366583 0.040640 0.071859
1 0.585610 0.348744 0.013991 0.035176
1 0.203864 0.365327 0.007995 0.023116
1 0.105097 0.340452 0.010326 0.021608
3 0.379580 0.597990 0.051632 0.054271
0 0.207528 0.428643 0.079947 0.209045
0 0.554797 0.645477 0.403398 0.709045
0 0.073118 0.401508 0.084277 0.211055
0 0.928048 0.698492 0.125250 0.290452
0 0.968688 0.628643 0.062625 0.152764
0 0.939540 0.547236 0.026982 0.061307