2 0.328882 0.029894 0.071225 0.059788
6 0.490830 0.167236 0.124822 0.289375
2 0.483707 0.226853 0.085292 0.169457
6 0.206375 0.220362 0.132479 0.365562
2 0.227653 0.306286 0.091346 0.193714
1 0.532496 0.174752 0.016560 0.070721
1 0.180556 0.229245 0.025285 0.069696
5 0.294872 0.874957 0.058048 0.075162
5 0.229968 0.410147 0.057514 0.169115
5 0.402333 0.585070 0.087785 0.108302
5 0.462073 0.694568 0.040954 0.080629
0 0.502582 0.377178 0.310363 0.709259
0 0.181624 0.518620 0.363248 0.962761
0 0.327457 0.432012 0.237179 0.864025