6 0.652250 0.332875 0.124167 0.207750
6 0.922333 0.208625 0.155333 0.284250
6 0.277500 0.265375 0.154667 0.219250
6 0.074667 0.290625 0.149333 0.291250
2 0.897083 0.263000 0.088500 0.185500
2 0.642167 0.358500 0.076667 0.163500
2 0.307583 0.281750 0.072167 0.191500
2 0.116917 0.333500 0.061167 0.198000
1 0.689333 0.343000 0.015333 0.055000
5 0.474917 0.420750 0.103500 0.087500
5 0.444750 0.450375 0.058167 0.060750
5 0.459333 0.563500 0.081667 0.073500
5 0.501333 0.558625 0.042667 0.045250
5 0.465083 0.510875 0.110500 0.043250
5 0.502917 0.491125 0.088833 0.060750
0 0.231417 0.421250 0.462833 0.576500
0 0.252000 0.404750 0.239000 0.527000
0 0.673833 0.457375 0.196333 0.496750
0 0.717750 0.480625 0.564500 0.864750