6 0.519710 0.116692 0.066041 0.110174
6 0.772270 0.148773 0.067747 0.101738
6 0.896672 0.376022 0.124061 0.181493
6 0.676280 0.352761 0.053584 0.091513
2 0.760666 0.157720 0.035324 0.072597
2 0.530205 0.124744 0.040614 0.088957
2 0.673720 0.378707 0.043686 0.029908
1 0.503242 0.131135 0.012628 0.029141
1 0.860154 0.420245 0.019625 0.044990
5 0.509044 0.377301 0.036519 0.054703
5 0.578242 0.364775 0.034642 0.051636
5 0.650683 0.456416 0.023549 0.029397
5 0.683020 0.464852 0.027133 0.030419
5 0.710239 0.387270 0.017747 0.038344
5 0.720392 0.358257 0.030546 0.023773
5 0.709044 0.575537 0.050853 0.072853
0 0.762287 0.282081 0.151877 0.397495
0 0.815700 0.510864 0.278498 0.470603
0 0.519881 0.335251 0.191297 0.574387
0 0.657679 0.477633 0.110239 0.341258