6 0.218078 0.311787 0.009515 0.014555
6 0.245195 0.011273 0.008563 0.016838
6 0.040057 0.005280 0.006660 0.010559
6 0.455376 0.493293 0.007612 0.014555
2 0.453949 0.494578 0.004757 0.010845
6 0.769077 0.372574 0.008563 0.016838
6 0.865461 0.112300 0.008373 0.017409
6 0.942816 0.073345 0.008183 0.015982
6 0.701808 0.215325 0.006470 0.009418
6 0.684110 0.203339 0.008754 0.016267
6 0.069553 0.355023 0.009324 0.014840
4 0.245956 0.007277 0.010466 0.011701
4 0.044719 0.002426 0.004186 0.004852
4 0.683254 0.202911 0.007422 0.017694
4 0.865366 0.110588 0.008563 0.015126
4 0.941484 0.070776 0.009324 0.011416
3 0.250618 0.027540 0.004567 0.011701
3 0.245480 0.027540 0.004186 0.010559
3 0.221313 0.338042 0.004186 0.006564
3 0.451475 0.521119 0.003235 0.006849
3 0.713701 0.205337 0.004377 0.007135
3 0.677831 0.233162 0.004567 0.010845
3 0.932160 0.095320 0.003616 0.005708
3 0.947574 0.102026 0.004757 0.008276
3 0.035775 0.036387 0.003425 0.007705
0 0.455852 0.529110 0.017697 0.092466
0 0.227593 0.323773 0.030067 0.049943
0 0.058801 0.381564 0.031970 0.069064
0 0.041865 0.034389 0.017127 0.068779
0 0.247574 0.043950 0.028544 0.087900
0 0.707422 0.232449 0.019220 0.064783
0 0.689724 0.228739 0.029876 0.072774
0 0.771551 0.383276 0.021503 0.043950
0 0.941199 0.090753 0.021313 0.057648
0 0.866984 0.118293 0.018649 0.030537