2 0.737560 0.371081 0.038355 0.063747
2 0.541724 0.543923 0.038528 0.049236
2 0.325069 0.518917 0.039219 0.063488
6 0.543279 0.519953 0.046130 0.104431
6 0.750691 0.359679 0.064616 0.095880
6 0.327661 0.503628 0.049585 0.095621
1 0.762785 0.373542 0.011403 0.022026
1 0.563839 0.521767 0.008811 0.028246
1 0.347961 0.513345 0.012785 0.023322
1 0.306151 0.503369 0.006565 0.027727
5 0.331202 0.682949 0.043538 0.041202
5 0.349775 0.672195 0.024361 0.030060
5 0.645214 0.444416 0.030235 0.049754
5 0.715014 0.501814 0.033345 0.058305
0 0.539133 0.575538 0.178473 0.222856
0 0.308829 0.567116 0.186075 0.246955
0 0.712163 0.646929 0.170352 0.679710