2 0.266757 0.561725 0.069182 0.127224
2 0.393621 0.498248 0.044025 0.112938
2 0.512309 0.483019 0.032704 0.069542
2 0.659030 0.310512 0.115903 0.244744
6 0.661276 0.269003 0.149146 0.329380
6 0.502516 0.470755 0.055885 0.098383
6 0.382031 0.487601 0.069003 0.136927
6 0.255975 0.536927 0.094340 0.177358
5 0.388410 0.852156 0.086792 0.047170
5 0.414286 0.808895 0.049057 0.041509
0 0.645553 0.536927 0.452650 0.923450
0 0.414016 0.586253 0.219227 0.346092
0 0.480773 0.543531 0.080323 0.258491
0 0.279425 0.683693 0.319137 0.475741