6 0.866309 0.454557 0.036133 0.045052
6 0.961133 0.410807 0.041406 0.050781
1 0.851855 0.452604 0.005664 0.009896
5 0.825684 0.544010 0.015820 0.033854
5 0.833203 0.510417 0.011719 0.013021
5 0.917285 0.469922 0.022852 0.029948
5 0.328418 0.710938 0.039258 0.053646
5 0.396191 0.517448 0.028711 0.039062
5 0.393457 0.489323 0.018164 0.023958
5 0.204199 0.329427 0.007617 0.011979
5 0.197754 0.336068 0.005664 0.009115
5 0.182715 0.355339 0.004492 0.007552
5 0.191406 0.358984 0.005078 0.010677
0 0.814258 0.501302 0.152344 0.171875
0 0.918359 0.457682 0.129687 0.151302
2 0.350195 0.468229 0.035547 0.025000
2 0.862305 0.466016 0.022266 0.019531
2 0.954102 0.423568 0.021875 0.021615
0 0.338574 0.607031 0.112695 0.418750
0 0.404883 0.457682 0.107813 0.272135
0 0.201758 0.325781 0.032422 0.079167
0 0.191602 0.354687 0.027734 0.029687