5 0.350541 0.711067 0.021504 0.026961
5 0.378395 0.688443 0.014839 0.037142
5 0.440204 0.676282 0.015719 0.028658
3 0.808602 0.630373 0.013833 0.020173
3 0.792065 0.631316 0.016474 0.024698
3 0.757545 0.632164 0.016348 0.018854
3 0.727867 0.631222 0.013330 0.021870
3 0.678886 0.629054 0.010438 0.026207
3 0.647133 0.677696 0.016348 0.024321
3 0.584381 0.681938 0.012324 0.020739
3 0.507105 0.697775 0.016725 0.025641
3 0.478119 0.700980 0.016348 0.022624
0 0.312563 0.644419 0.097208 0.184012
0 0.408765 0.612557 0.080609 0.177979
0 0.499497 0.639706 0.072435 0.148944
0 0.611670 0.603507 0.090292 0.191176
0 0.655244 0.580505 0.061494 0.124811
0 0.720825 0.583145 0.072435 0.116139
0 0.780936 0.581731 0.101107 0.123869