6 0.702596 0.612778 0.108754 0.205111
6 0.651113 0.399889 0.080267 0.177556
6 0.492582 0.621556 0.081899 0.184889
6 0.450371 0.378556 0.081157 0.178000
6 0.304525 0.629778 0.104006 0.181778
2 0.645772 0.425333 0.063353 0.122667
2 0.453783 0.399889 0.067507 0.132667
2 0.683680 0.629889 0.070920 0.161111
2 0.492359 0.642333 0.071068 0.142444
2 0.315208 0.650889 0.058012 0.133778
1 0.685089 0.408444 0.012315 0.039556
1 0.415579 0.395444 0.009496 0.046000
1 0.453264 0.623222 0.006825 0.038444
1 0.729674 0.631556 0.020178 0.044444
5 0.291246 0.850667 0.049555 0.073778
5 0.343546 0.899667 0.046439 0.065556
5 0.661795 0.929222 0.068398 0.057111
0 0.675223 0.518778 0.186647 0.416222
0 0.700593 0.727889 0.261128 0.442889
0 0.434570 0.504889 0.216024 0.434222
0 0.283605 0.738000 0.198071 0.405778
0 0.490356 0.644556 0.187240 0.234889