6 0.766900 0.355086 0.102200 0.192919
6 0.516800 0.322682 0.086000 0.167117
6 0.194900 0.328683 0.102200 0.191719
2 0.520800 0.347885 0.064000 0.110711
2 0.756700 0.381038 0.067400 0.133813
2 0.211700 0.355386 0.067000 0.139514
1 0.171100 0.339184 0.023400 0.047705
5 0.562900 0.683168 0.025800 0.029403
5 0.457400 0.689169 0.064000 0.048605
5 0.368000 0.686769 0.051600 0.055806
5 0.250000 0.734023 0.053200 0.087309
5 0.699000 0.656616 0.054000 0.075308
0 0.781600 0.562856 0.279200 0.615662
0 0.465600 0.537504 0.259200 0.642364
0 0.215000 0.605161 0.342400 0.758476
5 0.709700 0.843834 0.053400 0.046505