2 0.672834 0.450865 0.078648 0.144882
6 0.675637 0.437170 0.094506 0.166506
2 0.357681 0.405694 0.074644 0.166987
6 0.357761 0.398366 0.077367 0.183566
6 0.890037 0.545411 0.217043 0.573282
2 0.023386 0.447862 0.046452 0.420951
1 0.715682 0.456631 0.011533 0.042528
1 0.941695 0.632268 0.084895 0.177559
5 0.375541 0.098030 0.082492 0.167708
5 0.560227 0.212638 0.060067 0.162422
5 0.448663 0.394282 0.105718 0.216242
0 0.674676 0.466963 0.301137 0.678280
0 0.324604 0.378304 0.194938 0.745555
0 0.252923 0.546132 0.505526 0.626141
0 0.866651 0.500120 0.266699 0.999760