6 0.274832 0.814867 0.031262 0.032222
2 0.265928 0.823912 0.012663 0.014698
6 0.511872 0.366167 0.038385 0.039853
2 0.513653 0.375636 0.026909 0.020916
6 0.405026 0.426936 0.032845 0.042679
6 0.254254 0.433578 0.041551 0.032787
2 0.245944 0.438666 0.024139 0.023177
3 0.572418 0.433578 0.020182 0.027699
3 0.488524 0.431458 0.017808 0.016676
0 0.536011 0.425099 0.112782 0.160543
4 0.406015 0.418174 0.045904 0.027417
4 0.510882 0.358677 0.045904 0.031656
4 0.285516 0.806670 0.051049 0.016959
0 0.250099 0.438525 0.049861 0.045506
0 0.303324 0.852318 0.115948 0.108819
0 0.399881 0.444601 0.100119 0.078010