2 0.567524 0.272374 0.117363 0.184620
6 0.573453 0.233789 0.145699 0.263934
2 0.155346 0.280279 0.148714 0.223473
6 0.143690 0.225482 0.175241 0.334673
6 0.907757 0.350482 0.184486 0.319400
6 0.887460 0.645498 0.225080 0.598071
1 0.079883 0.244507 0.024719 0.077438
1 0.636756 0.248526 0.021101 0.067792
1 0.951768 0.796624 0.041801 0.130225
5 0.261555 0.852626 0.134043 0.120579
5 0.274216 0.763398 0.092243 0.098071
5 0.736334 0.572079 0.088424 0.092712
0 0.630326 0.407288 0.316519 0.629689
0 0.166901 0.494239 0.332596 0.880761