2 0.458707 0.222588 0.048673 0.061413
6 0.458004 0.187797 0.076085 0.130996
6 0.628888 0.171191 0.105781 0.155772
6 0.327710 0.340669 0.020383 0.029257
1 0.434546 0.200185 0.009489 0.027148
1 0.320770 0.350554 0.003690 0.008434
1 0.335793 0.345018 0.003163 0.008434
1 0.609559 0.169478 0.009840 0.023722
5 0.427693 0.483131 0.038306 0.045862
5 0.470831 0.437665 0.024073 0.045598
5 0.605605 0.575778 0.027587 0.068266
5 0.360218 0.420269 0.009840 0.017132
0 0.668775 0.485899 0.186962 0.787823
0 0.438324 0.441487 0.126340 0.635741
0 0.337287 0.385477 0.060271 0.112546