6 0.171121 0.416918 0.131609 0.139871
6 0.440589 0.357328 0.117098 0.236638
6 0.603664 0.376078 0.121408 0.199138
6 0.664583 0.425431 0.067385 0.112069
5 0.292529 0.654849 0.065805 0.054957
5 0.311997 0.532543 0.107328 0.041810
5 0.709626 0.716595 0.026149 0.055172
5 0.721552 0.635345 0.041092 0.035776
1 0.584411 0.375754 0.014224 0.050647
1 0.494253 0.421444 0.010345 0.046767
1 0.389440 0.424461 0.014799 0.043319
1 0.164511 0.444181 0.014368 0.034483
0 0.206394 0.515517 0.240374 0.339224
0 0.407974 0.523491 0.298994 0.567241
0 0.621695 0.540302 0.159770 0.531034
0 0.686422 0.568103 0.112500 0.356466