5 0.296769 0.669927 0.115437 0.218102
5 0.498053 0.767883 0.090130 0.106277
5 0.478392 0.847007 0.103368 0.157664
5 0.435760 0.449489 0.040296 0.026569
5 0.837356 0.350073 0.083122 0.140730
6 0.066284 0.296788 0.132568 0.581898
6 0.146973 0.300730 0.057232 0.133139
2 0.157193 0.305547 0.036403 0.111825
1 0.133249 0.320876 0.011875 0.040292
1 0.010804 0.379562 0.021608 0.134307
6 0.446369 0.144964 0.073194 0.134599
2 0.434008 0.160146 0.044579 0.100146
6 0.272046 0.323212 0.162546 0.362628
1 0.206054 0.333431 0.029395 0.085839
2 0.286841 0.381022 0.132568 0.244672
6 0.708682 0.296496 0.143080 0.256058
2 0.707125 0.322482 0.107650 0.204088
0 0.265914 0.571387 0.531828 0.857226
0 0.646097 0.509489 0.515087 0.681460
0 0.146876 0.329781 0.058595 0.194161
0 0.435760 0.271095 0.146194 0.383358