6 0.520245 0.713848 0.034706 0.046274
2 0.516842 0.722695 0.025859 0.024498
6 0.358796 0.669616 0.028241 0.039469
6 0.822048 0.454236 0.019054 0.029942
2 0.821878 0.455937 0.017353 0.021776
6 0.685437 0.419020 0.015311 0.024838
2 0.685948 0.425485 0.011569 0.008506
6 0.617727 0.321708 0.012589 0.017353
2 0.616706 0.324940 0.009187 0.007486
6 0.536747 0.390439 0.014631 0.020755
6 0.341783 0.363389 0.013950 0.020415
6 0.295849 0.476182 0.019394 0.024158
2 0.297720 0.479245 0.013610 0.017353
6 0.253317 0.400306 0.019394 0.024158
2 0.256039 0.404729 0.013270 0.014631
6 0.202450 0.303334 0.010888 0.013950
6 0.132868 0.308438 0.011228 0.016672
6 0.041511 0.323920 0.012930 0.019735
6 0.005614 0.318306 0.011228 0.015311
5 0.515141 0.821028 0.017013 0.025859
5 0.541341 0.764716 0.019054 0.025519
5 0.823920 0.504593 0.016672 0.008847
5 0.822899 0.510888 0.011228 0.008506
5 0.679653 0.475672 0.011909 0.014291
5 0.667574 0.457809 0.008847 0.015992
5 0.638823 0.349268 0.005784 0.007145
5 0.626404 0.360157 0.004764 0.007826
5 0.544063 0.414086 0.007486 0.011569
5 0.533855 0.433141 0.007486 0.008166
5 0.314733 0.537598 0.011569 0.017693
5 0.297890 0.520245 0.011228 0.014291
3 0.347227 0.399626 0.006465 0.010548
3 0.354032 0.388908 0.007145 0.011569
3 0.262334 0.456788 0.008847 0.012589
3 0.287002 0.431269 0.009867 0.013270
5 0.119769 0.331405 0.006805 0.006805
5 0.127765 0.346546 0.006465 0.009187
5 0.045934 0.368493 0.006125 0.008166
5 0.053079 0.347227 0.006125 0.005784
5 0.003062 0.360327 0.004764 0.009527
5 0.373937 0.716400 0.010888 0.017353
5 0.352331 0.746853 0.010548 0.011569
0 0.824600 0.513440 0.054781 0.149711
0 0.679143 0.455937 0.049677 0.096632
0 0.632188 0.351990 0.048996 0.078598
0 0.535897 0.423103 0.039469 0.083362
0 0.527901 0.794658 0.091528 0.207894
0 0.315754 0.511739 0.070772 0.100034
0 0.273903 0.434672 0.062606 0.098333
0 0.351310 0.387717 0.041170 0.070432
0 0.374107 0.706703 0.073835 0.134740
0 0.207894 0.325281 0.028581 0.059884
0 0.131848 0.333617 0.038448 0.059544
0 0.047805 0.350459 0.033685 0.072814
0 0.013780 0.348928 0.027560 0.076557