0 0.398547 0.356410 0.237436 0.635385
0 0.524957 0.299872 0.172308 0.520256
0 0.897179 0.414359 0.205641 0.821026
0 0.697778 0.336282 0.209231 0.593077
0 0.151709 0.641538 0.303077 0.519487
2 0.420342 0.161410 0.075214 0.122308
6 0.419145 0.130513 0.104615 0.185641
2 0.525470 0.155385 0.063932 0.123590
6 0.525812 0.128846 0.090256 0.176667
2 0.664103 0.157949 0.066325 0.138974
6 0.675897 0.135128 0.095043 0.190769
6 0.926325 0.158718 0.067350 0.160000
6 0.946325 0.122949 0.107350 0.232564
6 0.072308 0.489359 0.144274 0.214615
2 0.089829 0.540128 0.108889 0.113077
6 0.791111 0.602308 0.158974 0.198462
2 0.733504 0.609103 0.044103 0.181795
6 0.345299 0.919615 0.205470 0.160769
0 0.766154 0.750641 0.315556 0.498718
1 0.701453 0.156282 0.021026 0.036154
1 0.488974 0.129231 0.011453 0.040513
1 0.772991 0.675128 0.028718 0.042564
5 0.233248 0.790513 0.068547 0.082564
5 0.166154 0.800128 0.080000 0.063333
5 0.425214 0.451282 0.059316 0.054872
5 0.491880 0.492308 0.049060 0.038974
5 0.459145 0.522051 0.036239 0.070769
5 0.588291 0.529359 0.044957 0.052564
5 0.659658 0.461282 0.058120 0.080513
5 0.640855 0.719487 0.065299 0.074872
5 0.823932 0.413718 0.052308 0.062821
5 0.832393 0.474487 0.071282 0.081282
5 0.468718 0.928974 0.052308 0.075897
0 0.426667 0.914615 0.370940 0.170769