6 0.178206 0.240229 0.061977 0.116974
6 0.386469 0.256002 0.046343 0.083752
6 0.501210 0.269542 0.048762 0.085706
6 0.759445 0.190396 0.072399 0.113345
5 0.214685 0.510748 0.028848 0.048297
5 0.213382 0.478224 0.022892 0.040759
5 0.499349 0.400475 0.022334 0.044389
5 0.547460 0.534059 0.020287 0.032384
5 0.717290 0.524846 0.027173 0.044668
1 0.178671 0.247906 0.009306 0.022334
1 0.383026 0.262004 0.009306 0.019263
1 0.512098 0.271217 0.008375 0.022055
1 0.763540 0.200028 0.009120 0.026521
0 0.507817 0.384143 0.109994 0.344500
0 0.397822 0.386516 0.109250 0.345338
0 0.179416 0.456868 0.101247 0.553043
0 0.777778 0.505863 0.151870 0.744835