2 0.668109 0.416441 0.126555 0.220119
6 0.669010 0.353164 0.144222 0.340725
2 0.261943 0.145754 0.065261 0.136831
6 0.267983 0.134532 0.078781 0.158194
2 0.099153 0.264197 0.068145 0.130882
6 0.097891 0.239048 0.093384 0.182261
1 0.300613 0.144538 0.013160 0.038670
5 0.302416 0.363440 0.088516 0.109248
5 0.127997 0.489454 0.047954 0.065982
5 0.371011 0.591401 0.053002 0.097350
5 0.569948 0.338967 0.083108 0.175500
5 0.753110 0.322066 0.086353 0.175771
0 0.304579 0.463494 0.219398 0.820443
0 0.094465 0.571660 0.188931 0.856138
0 0.683973 0.522309 0.434109 0.679016