2 0.551331 0.893256 0.005249 0.009249
6 0.550720 0.889403 0.007446 0.016956
2 0.609192 0.872640 0.007935 0.025048
6 0.609558 0.864933 0.012329 0.041233
2 0.661499 0.875145 0.004883 0.013873
6 0.660767 0.873025 0.007812 0.020424
2 0.735352 0.814066 0.004639 0.017341
6 0.734314 0.812524 0.007446 0.021965
2 0.814209 0.759923 0.004395 0.016956
6 0.812927 0.757996 0.007690 0.021580
6 0.935852 0.654528 0.003052 0.007322
1 0.810852 0.759730 0.001831 0.005010
1 0.732239 0.812139 0.001343 0.005780
5 0.544250 0.929094 0.003052 0.010790
5 0.604309 0.944894 0.005249 0.016956
5 0.597168 0.940848 0.006104 0.014258
5 0.666748 0.899615 0.005127 0.010405
5 0.742004 0.851060 0.004028 0.008863
5 0.747070 0.842775 0.004883 0.007707
5 0.823059 0.806551 0.004517 0.010790
5 0.820923 0.798844 0.002930 0.007707
5 0.936646 0.663198 0.002197 0.004624
0 0.610229 0.898459 0.033447 0.109056
0 0.551147 0.902697 0.018555 0.065125
0 0.659058 0.883815 0.020508 0.058189
0 0.735779 0.834875 0.027710 0.066667
0 0.812866 0.784008 0.025635 0.081310