2 0.471014 0.542020 0.048427 0.090933
6 0.465889 0.522932 0.062213 0.127519
2 0.661099 0.589608 0.080771 0.171262
6 0.665164 0.576087 0.099859 0.200424
2 0.826617 0.530355 0.098268 0.225080
6 0.863998 0.502916 0.174797 0.280488
2 0.268293 0.595970 0.074231 0.199364
6 0.223224 0.569592 0.162955 0.263256
1 0.890421 0.529560 0.031106 0.079799
5 0.234712 0.606177 0.124072 0.223489
5 0.323701 0.673780 0.056027 0.094645
5 0.440085 0.534730 0.042064 0.078473
5 0.498056 0.530488 0.034641 0.076352
5 0.605338 0.815085 0.124072 0.156681
5 0.487982 0.803685 0.068929 0.071315
5 0.527837 0.852466 0.075115 0.119035
5 0.674620 0.926299 0.151997 0.147402
0 0.465447 0.580859 0.171615 0.239130
0 0.772269 0.682794 0.455461 0.634411
0 0.190173 0.711029 0.320961 0.577943
0 0.628667 0.717656 0.347826 0.482503