6 0.052941 0.420852 0.105882 0.165127
2 0.068580 0.434110 0.073458 0.137806
6 0.349928 0.424669 0.140316 0.262756
6 0.493974 0.244877 0.082353 0.135396
2 0.489240 0.257131 0.063128 0.111691
5 0.014921 0.773001 0.029842 0.063479
5 0.069584 0.864403 0.088092 0.106468
5 0.486083 0.470470 0.040746 0.068301
5 0.539311 0.546203 0.061119 0.042989
1 0.028838 0.447569 0.022095 0.037766
1 0.291679 0.475492 0.019799 0.064685
1 0.407604 0.461229 0.015782 0.066693
1 0.521808 0.268582 0.006600 0.015669
0 0.501148 0.449779 0.203443 0.552431
0 0.336872 0.619928 0.624964 0.760145
0 0.095696 0.569506 0.191392 0.464042