6 0.398727 0.424624 0.079475 0.138021
6 0.548611 0.429543 0.047454 0.079572
5 0.484954 0.857350 0.045139 0.087384
5 0.072724 0.686487 0.031636 0.040799
1 0.432774 0.445023 0.010610 0.041088
1 0.365451 0.443866 0.010610 0.045718
1 0.024498 0.460503 0.007716 0.026331
1 0.532022 0.438223 0.008873 0.025174
7 0.567226 0.584057 0.114776 0.227720
7 0.387346 0.695312 0.171682 0.401620
7 0.034047 0.587384 0.067708 0.181134
7 0.252797 0.612413 0.066551 0.187789
4 0.783854 0.466291 0.043403 0.039641
0 0.559799 0.692130 0.139660 0.615741
0 0.403935 0.671007 0.213735 0.657986
0 0.044367 0.695747 0.088349 0.581308