6 0.293042 0.400424 0.102594 0.167373
2 0.322288 0.425847 0.044104 0.117938
6 0.483019 0.291137 0.059906 0.129590
2 0.488797 0.309675 0.048821 0.092514
6 0.767807 0.414018 0.085613 0.133828
2 0.753184 0.420551 0.056368 0.119350
1 0.297524 0.428143 0.020991 0.036370
1 0.784316 0.435911 0.017689 0.032133
5 0.395873 0.734993 0.055896 0.082980
5 0.510377 0.683616 0.049528 0.072034
5 0.609906 0.681674 0.059434 0.078743
5 0.589387 0.606109 0.060377 0.030014
5 0.438679 0.530897 0.033019 0.057556
5 0.506486 0.464689 0.040802 0.055791
0 0.354245 0.547669 0.363208 0.495763
0 0.710024 0.544492 0.261085 0.394068
0 0.492453 0.498234 0.163208 0.546610