6 0.501674 0.474405 0.069866 0.073214
6 0.760714 0.455060 0.073214 0.069345
4 0.500670 0.457292 0.085268 0.044048
4 0.752790 0.440104 0.091741 0.041220
3 0.464174 0.633705 0.029241 0.033185
3 0.567857 0.599851 0.044196 0.040476
3 0.684152 0.642857 0.042857 0.030357
3 0.662723 0.674777 0.022768 0.036458
2 0.498996 0.491518 0.044866 0.030357
2 0.735938 0.470387 0.017857 0.029167
1 0.527009 0.482366 0.009375 0.015030
1 0.745201 0.466146 0.009598 0.017113
0 0.549442 0.611830 0.211830 0.345982
0 0.768750 0.538095 0.211161 0.198512