2 0.658332 0.499371 0.054036 0.085074
2 0.869777 0.322175 0.043967 0.059401
2 0.193153 0.528190 0.048666 0.120564
6 0.863568 0.309338 0.047659 0.096652
6 0.662695 0.479738 0.067797 0.132897
6 0.155143 0.499748 0.122672 0.189529
1 0.689294 0.483765 0.016949 0.031714
1 0.842927 0.311981 0.009062 0.026932
1 0.166303 0.538510 0.009733 0.029952
5 0.228981 0.750944 0.041450 0.053612
5 0.275633 0.764787 0.052190 0.069217
5 0.634251 0.685628 0.064608 0.050843
5 0.724954 0.721118 0.070817 0.068966
5 0.895788 0.492449 0.046988 0.042034
0 0.853583 0.525296 0.129048 0.541153
0 0.662359 0.575636 0.251049 0.353385
0 0.167142 0.649383 0.270515 0.474201