6 0.341500 0.501917 0.098500 0.067833
6 0.565250 0.505500 0.046500 0.054333
5 0.621375 0.617417 0.025250 0.029167
5 0.524500 0.558417 0.019000 0.021167
5 0.380625 0.509750 0.039250 0.033500
5 0.404250 0.533167 0.047000 0.049000
6 0.665750 0.530167 0.033500 0.039667
2 0.347750 0.509750 0.057500 0.052500
2 0.564875 0.508833 0.036750 0.035000
2 0.666500 0.533667 0.028500 0.030000
1 0.317875 0.509917 0.008250 0.009500
1 0.584875 0.502167 0.006250 0.012333
1 0.545625 0.502917 0.004250 0.009500
1 0.650375 0.531750 0.003250 0.011500
1 0.680125 0.533500 0.003750 0.011667
7 0.572000 0.563833 0.102000 0.096000
0 0.566375 0.609083 0.146250 0.265167
0 0.657375 0.609167 0.084250 0.212667
0 0.316875 0.699750 0.220250 0.462500