6 0.208729 0.202899 0.128602 0.230385
6 0.514076 0.193778 0.121939 0.196652
6 0.750791 0.193903 0.134266 0.216892
2 0.512244 0.219515 0.074629 0.127186
2 0.717225 0.222889 0.066800 0.162919
2 0.236965 0.222889 0.071131 0.187406
1 0.755039 0.188531 0.020823 0.049725
1 0.547560 0.235882 0.010995 0.029985
1 0.470681 0.213143 0.011827 0.035482
1 0.187989 0.206147 0.025820 0.049975
5 0.592287 0.879685 0.049475 0.081209
5 0.887390 0.917166 0.083958 0.134683
5 0.408046 0.887181 0.046477 0.089205
5 0.257371 0.868566 0.027986 0.078461
5 0.196235 0.921289 0.060970 0.094953
0 0.160336 0.541354 0.227053 0.905797
0 0.509412 0.537481 0.279194 0.925037
0 0.830085 0.541104 0.321173 0.917791