6 0.340142 0.385095 0.030466 0.052973
2 0.336680 0.390288 0.018695 0.043106
1 0.348537 0.384705 0.005020 0.015321
6 0.630604 0.421968 0.025965 0.035835
2 0.627575 0.426253 0.019214 0.027266
1 0.638307 0.416905 0.003635 0.008050
6 0.853038 0.422488 0.025619 0.043625
2 0.851567 0.430927 0.018176 0.025708
0 0.363251 0.511036 0.103341 0.303817
0 0.649039 0.510127 0.084992 0.250584
0 0.868530 0.511166 0.078068 0.222020
5 0.353384 0.453129 0.016098 0.023371
5 0.342046 0.456894 0.004501 0.017917
5 0.665224 0.496105 0.018349 0.019475
5 0.866972 0.431187 0.009521 0.022592