6 0.418113 0.508970 0.058063 0.116898
6 0.331308 0.526765 0.054205 0.106192
6 0.239390 0.529803 0.057870 0.097801
6 0.794946 0.515770 0.042824 0.071470
5 0.483410 0.701244 0.039738 0.039062
5 0.812596 0.736400 0.018326 0.043981
5 0.310378 0.801071 0.018904 0.035590
2 0.261478 0.545139 0.014468 0.067130
2 0.429012 0.531250 0.035494 0.062500
1 0.801022 0.520399 0.007909 0.022280
1 0.425251 0.517650 0.011381 0.031250
1 0.336613 0.538628 0.009645 0.026910
1 0.252218 0.540075 0.009452 0.024016
7 0.773148 0.654225 0.102238 0.186343
7 0.400174 0.665654 0.113619 0.253183
7 0.316647 0.680845 0.086613 0.278356
7 0.238137 0.704282 0.109761 0.250579
7 0.397955 0.158999 0.080247 0.144387
1 0.348765 0.078414 0.006944 0.018519
5 0.340953 0.186632 0.029514 0.034144
4 0.622685 0.504340 0.035108 0.046296
4 0.591628 0.520544 0.024691 0.028356
4 0.667052 0.525897 0.023920 0.029225
0 0.237847 0.735098 0.121528 0.529803
0 0.282215 0.571325 0.013889 0.185475
0 0.427373 0.706742 0.152971 0.543113
0 0.754630 0.732928 0.143904 0.534144