6 0.495750 0.397125 0.146833 0.249250
6 0.874833 0.284875 0.150333 0.286750
6 0.166750 0.515125 0.216167 0.336250
2 0.855583 0.312000 0.096500 0.207500
2 0.481417 0.432875 0.092500 0.179250
2 0.183833 0.562000 0.140667 0.223500
1 0.100750 0.542875 0.041500 0.072750
1 0.932167 0.299375 0.032333 0.079250
5 0.798833 0.584625 0.108333 0.122250
5 0.909583 0.603375 0.115833 0.142750
5 0.628583 0.726125 0.059500 0.081250
5 0.606333 0.820500 0.079000 0.105500
5 0.221833 0.630625 0.118333 0.185250
5 0.276917 0.586500 0.078167 0.143500
0 0.485917 0.600375 0.334833 0.671250
0 0.176000 0.656875 0.352000 0.661250