6 0.178380 0.496871 0.012419 0.013350
6 0.190234 0.504172 0.010725 0.015436
6 0.392746 0.497705 0.027942 0.043388
6 0.953712 0.479141 0.011854 0.020442
6 0.911657 0.475386 0.012983 0.018773
5 0.566469 0.544013 0.012983 0.018356
5 0.555320 0.543388 0.011008 0.017105
5 0.919419 0.520025 0.005363 0.010430
5 0.897403 0.518356 0.004234 0.007927
1 0.392746 0.498748 0.004234 0.010430
1 0.177533 0.497497 0.002822 0.006258
4 0.567598 0.501877 0.023144 0.035878
4 0.805109 0.421986 0.027378 0.029620
6 0.176263 0.522320 0.009314 0.017522
4 0.415608 0.581977 0.030765 0.031706
0 0.954841 0.518982 0.032741 0.100125
6 0.566469 0.505632 0.022580 0.044222
0 0.805673 0.484147 0.062941 0.162286
0 0.909117 0.517939 0.029918 0.107217
0 0.404601 0.538590 0.081005 0.122653
0 0.566187 0.569879 0.061530 0.175219
0 0.188823 0.530872 0.020322 0.062995
0 0.166808 0.539216 0.025967 0.049645
0 0.174287 0.510221 0.019475 0.040884