6 0.663667 0.696500 0.010333 0.017500
6 0.639083 0.698125 0.010500 0.015250
2 0.640500 0.699750 0.006667 0.010000
6 0.623917 0.700500 0.007833 0.013500
6 0.632167 0.665750 0.004667 0.009500
6 0.692917 0.691500 0.005833 0.010000
6 0.705750 0.692500 0.005167 0.009500
6 0.698167 0.698250 0.005333 0.008500
6 0.735083 0.706500 0.004833 0.008500
6 0.745667 0.694750 0.006667 0.011500
6 0.759083 0.697500 0.008167 0.010500
6 0.782500 0.696375 0.007333 0.010250
6 0.789083 0.698125 0.007500 0.008750
6 0.651333 0.695750 0.005667 0.009500
6 0.822667 0.694500 0.006333 0.013000
6 0.830333 0.699875 0.006000 0.013250
6 0.856250 0.695625 0.007500 0.011750
6 0.874083 0.699000 0.007833 0.012000
6 0.928250 0.704625 0.010833 0.018250
6 0.951917 0.703250 0.011167 0.015500
5 0.633667 0.742000 0.004333 0.009500
5 0.651667 0.735000 0.005000 0.008500
3 0.658917 0.743125 0.004500 0.011750
3 0.675667 0.740625 0.005667 0.013250
5 0.712167 0.719500 0.002333 0.004000
5 0.636833 0.676375 0.003333 0.004750
5 0.756333 0.732375 0.004333 0.008750
5 0.739417 0.729250 0.003167 0.008000
5 0.733167 0.728250 0.002333 0.004000
5 0.766833 0.716375 0.004333 0.006250
5 0.780333 0.725125 0.003000 0.004750
5 0.822750 0.708750 0.003500 0.005500
5 0.829250 0.715375 0.005167 0.006750
5 0.854417 0.725250 0.003500 0.005000
5 0.873250 0.712000 0.004500 0.005000
5 0.876833 0.712625 0.003333 0.004750
1 0.789083 0.698625 0.002500 0.003750
7 0.624167 0.723125 0.015000 0.035750
7 0.643167 0.720250 0.019000 0.034500
7 0.666250 0.720125 0.017500 0.036750
7 0.652250 0.707625 0.008833 0.017250
7 0.746250 0.713875 0.017167 0.032750
7 0.859417 0.712250 0.014833 0.026500
0 0.935000 0.741500 0.050000 0.093500
0 0.957750 0.742125 0.042500 0.090250
0 0.876500 0.729750 0.017667 0.073000
0 0.860333 0.725875 0.017000 0.070250
0 0.836417 0.727750 0.018167 0.068000
0 0.823083 0.724125 0.018167 0.066750
0 0.795833 0.723500 0.019667 0.062500
0 0.785500 0.723250 0.017667 0.062000
0 0.765833 0.724875 0.021000 0.068750
0 0.747917 0.730375 0.021500 0.081750
0 0.736250 0.727625 0.009833 0.051250
0 0.692167 0.719875 0.011333 0.060750
0 0.699667 0.722000 0.015667 0.057000
0 0.707333 0.717250 0.010333 0.056000
0 0.667000 0.741375 0.023667 0.102250
0 0.644417 0.740375 0.025167 0.099750
0 0.627500 0.739375 0.023667 0.097750