5 0.165992 0.511317 0.048032 0.034465
5 0.475309 0.548225 0.064429 0.041409
5 0.863233 0.588477 0.054398 0.056584
5 0.793692 0.568801 0.013310 0.042953
6 0.181520 0.351980 0.071759 0.108796
2 0.175058 0.387989 0.046103 0.035237
6 0.482253 0.324588 0.076775 0.138374
2 0.477238 0.353395 0.064815 0.079218
6 0.887731 0.301826 0.095293 0.180298
2 0.869502 0.336420 0.054591 0.109568
1 0.512442 0.330118 0.011381 0.028549
0 0.206597 0.411137 0.127315 0.234311
0 0.510320 0.411651 0.184221 0.311986
0 0.879630 0.430813 0.240741 0.436728