6 0.436505 0.315983 0.181039 0.321241
6 0.321760 0.097266 0.139409 0.194006
6 0.641595 0.053759 0.153227 0.106993
6 0.857618 0.255126 0.179815 0.331493
2 0.314676 0.112119 0.106349 0.164301
2 0.418051 0.373686 0.123142 0.202156
2 0.847472 0.313749 0.141333 0.196898
2 0.617282 0.051393 0.100402 0.102261
1 0.918576 0.303891 0.038657 0.076761
1 0.262113 0.057702 0.011370 0.049159
5 0.677278 0.934411 0.183663 0.131178
5 0.881406 0.971477 0.090957 0.057045
5 0.611422 0.499474 0.077838 0.094637
5 0.345111 0.467928 0.092006 0.147739
5 0.242172 0.866456 0.167745 0.134595
0 0.790712 0.538644 0.418576 0.922713
0 0.774620 0.291404 0.450411 0.582282
0 0.276456 0.401420 0.302781 0.802313
0 0.396362 0.538775 0.478923 0.794690