6 0.791839 0.446078 0.085282 0.095588
3 0.709995 0.531710 0.060064 0.054841
0 0.840440 0.640778 0.314535 0.508272
0 0.367492 0.365502 0.199450 0.535539
0 0.203347 0.508732 0.268226 0.610600
0 0.072215 0.300858 0.108666 0.174632
2 0.416781 0.230699 0.064191 0.043505
2 0.230399 0.303768 0.085740 0.114890
2 0.065337 0.280484 0.049060 0.068321
6 0.410362 0.220741 0.077029 0.090993
6 0.233838 0.285080 0.115543 0.152267
6 0.069464 0.275888 0.066483 0.092831
5 0.152453 0.630515 0.070151 0.112745
5 0.297341 0.142157 0.075653 0.067402
0 0.156350 0.144608 0.029344 0.042279
2 0.159331 0.137714 0.011463 0.010723
6 0.160018 0.135110 0.020174 0.021446