6 0.563000 0.330875 0.085667 0.191250
2 0.566250 0.377250 0.063500 0.100500
6 0.615333 0.256625 0.105333 0.211750
2 0.622250 0.295750 0.082500 0.131500
6 0.134167 0.711750 0.008000 0.017000
5 0.447250 0.468000 0.062500 0.115500
5 0.544833 0.568250 0.061000 0.108500
5 0.585250 0.556500 0.094500 0.092000
1 0.648167 0.243875 0.018333 0.040250
1 0.603333 0.349000 0.012333 0.042000
4 0.609417 0.224500 0.100833 0.147500
4 0.560917 0.284000 0.084167 0.098000
7 0.675167 0.536125 0.175333 0.449250
7 0.557417 0.613000 0.122167 0.394500
0 0.648833 0.574625 0.271333 0.850750
0 0.512917 0.616125 0.193500 0.767750
0 0.127667 0.759375 0.030667 0.110750