6 0.105042 0.606778 0.006958 0.020737
2 0.104492 0.610183 0.005371 0.011452
6 0.201050 0.635871 0.007324 0.021975
2 0.200073 0.639895 0.004639 0.012071
2 0.273743 0.659393 0.004517 0.007738
6 0.273560 0.655679 0.007080 0.017023
6 0.331177 0.643764 0.008057 0.029093
2 0.331055 0.647787 0.006348 0.017951
5 0.329956 0.704581 0.004150 0.008357
5 0.325867 0.696688 0.003784 0.009285
5 0.273315 0.690808 0.004639 0.010523
5 0.206055 0.681058 0.003174 0.007738
5 0.102234 0.654132 0.003784 0.007119
5 0.099426 0.653358 0.002808 0.008047
0 0.108215 0.628288 0.019165 0.064995
0 0.202271 0.654906 0.022217 0.060043
0 0.333557 0.668214 0.019653 0.079851
0 0.273315 0.666202 0.018799 0.056639
0 0.169983 0.653977 0.013062 0.043949