6 0.190415 0.766441 0.005112 0.008704
6 0.284132 0.721792 0.005538 0.008382
6 0.351118 0.716151 0.004899 0.008704
6 0.385304 0.641038 0.005112 0.009994
6 0.501597 0.730013 0.004260 0.009349
6 0.546113 0.653772 0.005538 0.010316
6 0.477849 0.653288 0.004473 0.008059
6 0.594036 0.662153 0.005112 0.007737
6 0.600000 0.666828 0.005538 0.009994
6 0.558999 0.731302 0.005325 0.008704
6 0.689670 0.745164 0.004260 0.008059
6 0.706922 0.740812 0.004260 0.008382
6 0.726837 0.747582 0.003621 0.007737
6 0.799148 0.753063 0.003408 0.007092
6 0.393717 0.640393 0.005751 0.009994
0 0.189031 0.770793 0.008307 0.018698
0 0.280405 0.726144 0.019808 0.016441
0 0.351225 0.721470 0.013632 0.021921
0 0.412993 0.740006 0.008946 0.019665
0 0.444728 0.744520 0.008946 0.020954
0 0.468690 0.653772 0.005325 0.012895
0 0.478594 0.672631 0.009798 0.044810
0 0.500532 0.733075 0.007242 0.018698
0 0.534718 0.736299 0.012993 0.016119
0 0.559744 0.750484 0.014909 0.047711
0 0.601917 0.671502 0.010650 0.019987
0 0.611289 0.670696 0.007242 0.018375
0 0.592013 0.673275 0.007455 0.032560
0 0.683067 0.754836 0.009372 0.034494
0 0.691374 0.750000 0.006390 0.015796
0 0.708520 0.752257 0.009585 0.030625
0 0.725879 0.767247 0.010650 0.048356
0 0.737487 0.775467 0.009585 0.026757
0 0.800106 0.758543 0.010863 0.017408