6 0.428424 0.453431 0.097197 0.087316
2 0.428998 0.468444 0.076746 0.057598
6 0.617073 0.421262 0.086627 0.083946
2 0.613281 0.433211 0.072151 0.060049
5 0.511949 0.483762 0.045037 0.034314
5 0.548139 0.502834 0.040671 0.031403
5 0.544347 0.523438 0.046415 0.036458
5 0.366153 0.625000 0.050781 0.047488
1 0.389821 0.450827 0.014017 0.018689
1 0.654297 0.422564 0.013097 0.020374
3 0.699678 0.662148 0.049173 0.055300
3 0.669003 0.654795 0.032399 0.048866
0 0.455882 0.629059 0.222426 0.440411
0 0.609949 0.616498 0.241039 0.471661