6 0.158259 0.393155 0.206696 0.170833
6 0.534152 0.412574 0.141071 0.113244
6 0.835826 0.353199 0.328348 0.287649
2 0.166183 0.405134 0.148438 0.133185
2 0.537723 0.429836 0.089286 0.073958
2 0.826563 0.379092 0.303125 0.233482
1 0.077567 0.398214 0.029688 0.043750
1 0.586942 0.425446 0.016741 0.013393
5 0.485603 0.698958 0.097991 0.048512
5 0.516741 0.717560 0.028571 0.047024
5 0.259375 0.945536 0.120982 0.108929
5 0.141071 0.926786 0.005804 0.027976
0 0.770871 0.609970 0.458259 0.780060
0 0.167187 0.646131 0.334375 0.685417
0 0.506585 0.677753 0.350223 0.642113