6 0.214033 0.301594 0.074764 0.150168
6 0.314623 0.236787 0.042453 0.070050
6 0.350354 0.208473 0.033255 0.057886
6 0.353774 0.170512 0.028774 0.042366
6 0.376061 0.183096 0.018160 0.049916
6 0.552241 0.186242 0.031840 0.057047
6 0.584906 0.218540 0.038679 0.073826
6 0.629127 0.226300 0.050236 0.098574
6 0.668514 0.299497 0.051651 0.105705
6 0.822877 0.257341 0.097170 0.173238
6 0.933608 0.244757 0.025708 0.057466
6 0.911203 0.179530 0.026179 0.051174
2 0.934434 0.247273 0.019811 0.039010
2 0.903656 0.179740 0.008726 0.029782
2 0.802358 0.285864 0.050000 0.109480
1 0.835849 0.266988 0.015094 0.040688
1 0.683844 0.308725 0.007311 0.026007
1 0.214741 0.311871 0.011085 0.033138
1 0.313915 0.239723 0.006132 0.021393
1 0.350354 0.209732 0.006368 0.013423
3 0.688208 0.488884 0.044340 0.041527
3 0.677476 0.555159 0.037028 0.015520
3 0.596934 0.442114 0.040566 0.031040
3 0.626769 0.406460 0.025236 0.021812
3 0.577712 0.368079 0.017689 0.035654
3 0.601179 0.372483 0.022170 0.041107
3 0.563443 0.330747 0.023113 0.026426
3 0.538915 0.329069 0.019811 0.028943
3 0.372052 0.320050 0.019575 0.031040
3 0.384788 0.292366 0.019104 0.025168
3 0.282547 0.467911 0.041981 0.046560
3 0.271816 0.421980 0.030896 0.051174
3 0.402594 0.255872 0.018396 0.020973
3 0.389151 0.271602 0.019340 0.018876
0 0.766627 0.434564 0.229481 0.512584
0 0.901061 0.291946 0.050236 0.270134
0 0.918042 0.371225 0.059198 0.322148
0 0.885495 0.195260 0.027594 0.081795
0 0.225590 0.369547 0.155425 0.281879
0 0.327948 0.306418 0.103538 0.216862
0 0.357075 0.245805 0.066509 0.137584
0 0.366627 0.220428 0.052594 0.137164
0 0.390212 0.214765 0.047406 0.125839
0 0.648821 0.369128 0.140566 0.244966
0 0.614151 0.285445 0.099528 0.221896
0 0.574410 0.277055 0.087972 0.186661
0 0.541863 0.231334 0.060613 0.136326
0 0.957429 0.378775 0.085142 0.349832