6 0.218253 0.414463 0.098908 0.175053
6 0.340406 0.505032 0.056162 0.098760
6 0.635881 0.512755 0.050234 0.096887
6 0.751170 0.452609 0.107332 0.164287
2 0.716069 0.481629 0.036193 0.097824
2 0.634009 0.530190 0.044618 0.062953
2 0.347192 0.512403 0.038534 0.076995
2 0.241732 0.426866 0.047270 0.133396
1 0.737676 0.449333 0.013573 0.030892
1 0.211544 0.410718 0.017161 0.046806
1 0.321061 0.522116 0.010920 0.021531
5 0.232527 0.685233 0.051326 0.056167
0 0.168097 0.658788 0.278783 0.675404
0 0.816927 0.683127 0.243526 0.619237
0 0.656396 0.552188 0.097816 0.175287
0 0.331357 0.547742 0.088300 0.179031