6 0.474900 0.430243 0.048200 0.087009
6 0.915700 0.184368 0.043800 0.071107
6 0.946900 0.240024 0.055400 0.066607
2 0.481800 0.442394 0.034000 0.060906
2 0.907100 0.198770 0.027000 0.044104
2 0.928600 0.247375 0.018000 0.051305
1 0.461300 0.449145 0.013000 0.016802
1 0.900200 0.171467 0.006800 0.015902
5 0.858100 0.266727 0.020200 0.052805
5 0.886200 0.302430 0.018000 0.032403
3 0.442700 0.660066 0.024600 0.038404
3 0.845100 0.266427 0.016200 0.040804
0 0.475600 0.588809 0.128000 0.404140
0 0.869400 0.290729 0.135200 0.286229
0 0.896400 0.404890 0.157200 0.396340