2 0.608150 0.673828 0.073223 0.126149
6 0.589154 0.662684 0.112132 0.150276
2 0.502374 0.534467 0.069087 0.126379
6 0.490349 0.499081 0.092218 0.199449
2 0.733609 0.559628 0.064032 0.073759
6 0.754059 0.501149 0.136489 0.192555
1 0.466912 0.522863 0.017463 0.041590
1 0.572151 0.705308 0.026042 0.037914
5 0.492188 0.625804 0.043505 0.086167
5 0.597426 0.887868 0.062500 0.114430
5 0.841682 0.899816 0.055913 0.105699
5 0.856235 0.951402 0.058058 0.046186
0 0.437423 0.697840 0.200521 0.598805
0 0.684666 0.784237 0.369332 0.383272
0 0.756510 0.691751 0.258732 0.568704