2 0.645583 0.399658 0.065379 0.061345
6 0.642010 0.359293 0.078911 0.144812
2 0.422837 0.467503 0.020070 0.105359
6 0.385206 0.453934 0.095332 0.134778
6 0.123080 0.449259 0.197811 0.358039
6 0.891136 0.482668 0.154174 0.194983
1 0.844078 0.495211 0.015357 0.058153
5 0.329177 0.552794 0.095180 0.204333
5 0.278927 0.630673 0.046070 0.151653
5 0.517257 0.541163 0.052303 0.106727
5 0.528052 0.506727 0.050783 0.084835
5 0.673103 0.709806 0.036187 0.040365
5 0.703892 0.715165 0.032994 0.030559
5 0.740915 0.651767 0.060818 0.139567
5 0.761213 0.644128 0.042116 0.125656
0 0.685875 0.557811 0.179717 0.552338
0 0.839973 0.659521 0.258020 0.556442
0 0.188688 0.629190 0.377072 0.741163
0 0.423825 0.549715 0.287517 0.414823