6 0.163878 0.595917 0.185805 0.152157
6 0.291258 0.290543 0.124351 0.108821
2 0.311598 0.299596 0.083093 0.091487
6 0.626659 0.646668 0.236007 0.187018
6 0.798759 0.371437 0.138200 0.084553
2 0.744951 0.383475 0.032314 0.059322
5 0.336122 0.790062 0.049625 0.049307
5 0.305540 0.493451 0.111945 0.038136
5 0.457299 0.449634 0.058280 0.045262
5 0.846797 0.642816 0.055395 0.053737
5 0.576601 0.347361 0.037219 0.045262
0 0.727351 0.499037 0.340450 0.345917
0 0.304962 0.511941 0.363531 0.551618
0 0.668350 0.776098 0.657530 0.447804
0 0.185228 0.752504 0.353145 0.462635