6 0.256213 0.473410 0.019371 0.033991
2 0.260234 0.483279 0.010599 0.015351
6 0.530428 0.466146 0.015168 0.027686
2 0.532164 0.472039 0.009868 0.014254
6 0.649031 0.477933 0.016265 0.032072
2 0.648757 0.484238 0.010965 0.017818
3 0.245797 0.551946 0.010965 0.012884
3 0.254112 0.520011 0.013706 0.023026
3 0.411550 0.544819 0.010234 0.009594
3 0.449287 0.543037 0.012244 0.009320
3 0.555830 0.530016 0.010051 0.012884
3 0.524854 0.537144 0.008041 0.009046
3 0.670961 0.537966 0.009320 0.007950
3 0.629020 0.533032 0.006579 0.013432
4 0.649306 0.469984 0.014620 0.019463
0 0.251553 0.506168 0.057566 0.107182
0 0.531250 0.495066 0.059211 0.091009
0 0.646747 0.501782 0.059576 0.081414
0 0.428819 0.508772 0.053911 0.084430