6 0.157204 0.366427 0.065522 0.151523
2 0.156627 0.391681 0.053144 0.099530
6 0.420119 0.383758 0.090609 0.183214
2 0.404440 0.424610 0.060241 0.100520
6 0.893712 0.493563 0.191121 0.308740
2 0.865984 0.564496 0.135336 0.164397
5 0.112147 0.589131 0.050999 0.037385
5 0.168097 0.592597 0.051659 0.041842
5 0.324559 0.608319 0.045717 0.066848
5 0.441822 0.454692 0.047203 0.060163
1 0.380756 0.384625 0.007592 0.017579
1 0.127496 0.357514 0.005116 0.031691
1 0.819855 0.455063 0.028222 0.063382
5 0.783298 0.819386 0.111239 0.097796
5 0.903119 0.812825 0.111239 0.108443
0 0.134841 0.640505 0.206965 0.709086
0 0.369946 0.482298 0.276448 0.380787
0 0.753095 0.602501 0.493811 0.530082