2 0.521480 0.408591 0.051824 0.092048
2 0.439141 0.321529 0.020798 0.054973
2 0.185220 0.421887 0.039379 0.124265
2 0.125895 0.406162 0.046539 0.148044
6 0.942380 0.401815 0.115240 0.219637
6 0.529236 0.389287 0.069042 0.130657
6 0.434623 0.316799 0.031538 0.071593
6 0.075094 0.356558 0.149847 0.258502
6 0.173628 0.407568 0.064610 0.157504
1 0.553529 0.407568 0.014661 0.041422
1 0.159223 0.408080 0.013297 0.047558
1 0.110382 0.386985 0.023355 0.055996
5 0.866945 0.460113 0.045857 0.083610
5 0.517474 0.566479 0.037675 0.057019
5 0.282220 0.697776 0.027787 0.041422
5 0.323219 0.810151 0.058302 0.077474
0 0.527532 0.476349 0.234061 0.307338
0 0.206188 0.591665 0.412035 0.787011
0 0.909223 0.504858 0.181555 0.436973
0 0.211047 0.539760 0.190590 0.445922