2 0.261849 0.333710 0.077541 0.169555
6 0.249456 0.311731 0.104003 0.211002
2 0.751968 0.239387 0.076034 0.175835
6 0.766120 0.222180 0.107017 0.214268
2 0.639340 0.723311 0.120080 0.256468
6 0.688494 0.698191 0.227098 0.309219
2 0.271060 0.668551 0.124770 0.171063
6 0.274996 0.622833 0.132641 0.264506
0 0.723162 0.557649 0.348685 0.884702
0 0.685647 0.766390 0.278010 0.467219
0 0.259923 0.599849 0.295428 0.788747
0 0.334617 0.741899 0.448501 0.508164
1 0.216044 0.339864 0.024786 0.046220
1 0.706498 0.781336 0.043041 0.069078
1 0.326495 0.606883 0.022274 0.067822
5 0.587339 0.408566 0.077039 0.108767
5 0.178697 0.661517 0.061966 0.103240
0 0.047479 0.618438 0.094624 0.686260