6 0.470633 0.353351 0.097892 0.150979
6 0.603916 0.214044 0.158133 0.309864
6 0.308609 0.215361 0.163906 0.311747
2 0.593876 0.288968 0.113956 0.152485
2 0.471260 0.396649 0.053966 0.068148
2 0.340738 0.263554 0.096135 0.213102
1 0.647716 0.250941 0.034890 0.066642
1 0.290914 0.183923 0.031124 0.084714
5 0.479167 0.547628 0.061245 0.060617
5 0.578941 0.578690 0.072038 0.096386
5 0.431727 0.519202 0.035141 0.075301
5 0.383158 0.496047 0.069528 0.083208
5 0.813504 0.657380 0.041667 0.156627
0 0.317646 0.524661 0.386295 0.950678
0 0.458710 0.625188 0.224147 0.716491
0 0.751506 0.530120 0.496988 0.939759