6 0.120888 0.483827 0.135051 0.220395
2 0.139437 0.533443 0.070175 0.120066
6 0.417580 0.233553 0.101974 0.206140
2 0.425073 0.270970 0.079313 0.125274
6 0.878655 0.474918 0.111111 0.212993
2 0.864035 0.507950 0.080044 0.148026
1 0.107548 0.497533 0.020285 0.053728
1 0.380482 0.253015 0.018640 0.043860
1 0.903417 0.486568 0.019920 0.051535
5 0.297515 0.758224 0.071272 0.056469
5 0.295504 0.790570 0.066520 0.074013
5 0.293677 0.678454 0.033626 0.078947
5 0.482456 0.439419 0.078582 0.083333
5 0.816338 0.814693 0.080044 0.095395
5 0.777321 0.765077 0.054642 0.079496
0 0.170961 0.685581 0.325475 0.628838
0 0.400493 0.447231 0.385782 0.643366
0 0.875183 0.668860 0.249635 0.661184