6 0.197775 0.432653 0.073795 0.184874
2 0.194413 0.463145 0.061630 0.124370
6 0.465503 0.415966 0.117817 0.198079
2 0.468065 0.444298 0.081319 0.141417
6 0.848727 0.268547 0.281735 0.529892
2 0.862014 0.316086 0.216104 0.431453
5 0.130223 0.706603 0.054586 0.055702
5 0.199856 0.715606 0.060989 0.061705
5 0.281655 0.987395 0.044341 0.025210
5 0.784136 0.510204 0.146790 0.472029
5 0.420922 0.441897 0.012966 0.027611
5 0.230351 0.437095 0.008964 0.039616
0 0.183288 0.543337 0.254202 0.404322
0 0.396830 0.570708 0.337122 0.532053
0 0.766528 0.500120 0.466944 0.999760