6 0.610069 0.239714 0.105556 0.171615
6 0.775000 0.207422 0.147222 0.192448
2 0.601476 0.264193 0.068576 0.113802
2 0.740625 0.212240 0.081597 0.171875
1 0.647222 0.266927 0.016667 0.047396
1 0.778385 0.250781 0.009201 0.029167
5 0.469184 0.318880 0.053646 0.094010
5 0.547569 0.538672 0.031597 0.052344
5 0.734635 0.753255 0.078993 0.123698
0 0.673698 0.545312 0.471354 0.909375
0 0.604774 0.572526 0.199826 0.854948
2 0.118316 0.285156 0.079687 0.136979
6 0.089931 0.290885 0.159722 0.249479
0 0.202517 0.579167 0.402257 0.841667
0 0.281944 0.589583 0.188542 0.820833
6 0.248003 0.283594 0.099132 0.189062