6 0.696354 0.484863 0.079167 0.151758
6 0.591732 0.482812 0.071484 0.152734
6 0.450651 0.466699 0.080208 0.164648
6 0.329818 0.486621 0.102865 0.164648
6 0.174414 0.468555 0.093099 0.173047
2 0.687370 0.508496 0.057031 0.093164
2 0.586133 0.506445 0.056120 0.100000
2 0.454883 0.480957 0.060286 0.122852
2 0.358659 0.514941 0.041797 0.108398
2 0.191211 0.494043 0.058984 0.115039
1 0.723893 0.494043 0.013672 0.036523
1 0.620964 0.483984 0.013542 0.034766
1 0.418620 0.470996 0.013281 0.037695
1 0.152865 0.506543 0.022656 0.038867
5 0.811523 0.880762 0.045443 0.112305
5 0.634310 0.886328 0.036068 0.081250
5 0.620768 0.887402 0.048307 0.073633
5 0.342578 0.904492 0.044531 0.077734
5 0.157357 0.753320 0.059505 0.058203
0 0.316992 0.694727 0.138411 0.603516
0 0.456250 0.688672 0.184115 0.610938
0 0.780013 0.699512 0.247266 0.574414
0 0.144857 0.683203 0.191016 0.612109
0 0.620182 0.703613 0.157813 0.592773