0 0.429937 0.653833 0.037625 0.082667
0 0.818938 0.656500 0.038625 0.060333
0 0.909000 0.747667 0.045000 0.100000
0 0.645625 0.542250 0.038250 0.085167
0 0.602938 0.451167 0.029125 0.052000
0 0.591562 0.332167 0.026375 0.048000
0 0.488000 0.409167 0.029500 0.066333
0 0.554938 0.306750 0.029125 0.040500
0 0.438312 0.362250 0.034875 0.036500
0 0.425375 0.396333 0.029500 0.051333
0 0.498750 0.204083 0.024750 0.064500
0 0.433750 0.197333 0.025750 0.064333
0 0.345562 0.063083 0.022625 0.056833
0 0.302625 0.039250 0.029750 0.044500
0 0.280438 0.213583 0.031125 0.040833
0 0.206562 0.257750 0.039125 0.045167
0 0.172687 0.211667 0.031625 0.033667
0 0.175438 0.168083 0.041625 0.038500
0 0.176563 0.098833 0.023125 0.026000
0 0.061750 0.117000 0.047250 0.047667
0 0.044312 0.147083 0.029625 0.050500
0 0.026375 0.254500 0.052750 0.049333
0 0.902250 0.337500 0.038250 0.057667
0 0.866437 0.110583 0.024875 0.038833
0 0.791875 0.131750 0.029750 0.051833
0 0.753125 0.177083 0.026000 0.036833