2 0.267500 0.426750 0.116333 0.196500
6 0.271500 0.381625 0.150000 0.289250
2 0.612250 0.288250 0.087167 0.142000
6 0.601667 0.248625 0.116667 0.218750
2 0.647667 0.363625 0.069000 0.133250
6 0.647583 0.341750 0.070167 0.176000
0 0.230417 0.572875 0.381500 0.667750
0 0.545833 0.443500 0.408667 0.611500
0 0.630083 0.489625 0.248833 0.473750
1 0.210417 0.373125 0.022167 0.067750
1 0.562833 0.268500 0.016333 0.052500
5 0.326167 0.488875 0.076333 0.153250
5 0.317750 0.813125 0.087833 0.121750
5 0.659333 0.678250 0.057667 0.034000