6 0.187233 0.289264 0.161853 0.308151
6 0.519057 0.365184 0.179798 0.307406
6 0.770039 0.285661 0.165955 0.277584
2 0.193813 0.284170 0.158605 0.265656
2 0.533499 0.367172 0.130405 0.246769
2 0.760639 0.305169 0.134849 0.224155
1 0.833875 0.289016 0.028371 0.063121
1 0.466331 0.401839 0.019313 0.071074
5 0.450009 0.126988 0.135361 0.220179
5 0.841651 0.829523 0.151598 0.164513
5 0.132029 0.828280 0.160485 0.208250
0 0.834729 0.582132 0.330542 0.835736
0 0.471202 0.504722 0.423176 0.990557
0 0.183558 0.555293 0.367117 0.857107