6 0.149755 0.318234 0.044451 0.086917
2 0.146306 0.326282 0.034795 0.069441
6 0.302115 0.286848 0.042305 0.088066
2 0.306867 0.293286 0.033109 0.076109
6 0.950720 0.177857 0.098559 0.174063
2 0.920677 0.212923 0.040619 0.104852
6 0.919605 0.305473 0.055334 0.093585
2 0.906729 0.319154 0.028970 0.066222
6 0.574571 0.292711 0.015481 0.035870
2 0.574264 0.296735 0.013642 0.027822
1 0.165543 0.329156 0.007357 0.020464
1 0.287017 0.288802 0.007511 0.023454
1 0.944589 0.188319 0.011803 0.038630
1 0.924280 0.309037 0.007051 0.027593
5 0.317290 0.517360 0.030349 0.035870
5 0.555717 0.350425 0.011803 0.017015
5 0.585684 0.341343 0.007971 0.015866
0 0.156346 0.523339 0.107603 0.498505
0 0.306560 0.530352 0.129675 0.577834
0 0.939684 0.373074 0.120632 0.571396
0 0.919988 0.323638 0.055487 0.132674
0 0.572195 0.357438 0.072655 0.163026