6 0.123270 0.432138 0.077972 0.138787
2 0.140065 0.456648 0.043974 0.091605
6 0.228522 0.388480 0.065757 0.123162
2 0.227300 0.410233 0.054357 0.079044
6 0.501832 0.479320 0.064332 0.116728
2 0.498066 0.509651 0.041735 0.054841
6 0.535831 0.227635 0.040717 0.081495
6 0.701445 0.435202 0.072679 0.131434
2 0.702769 0.474112 0.038274 0.051164
6 0.832960 0.412377 0.060871 0.082108
5 0.168160 0.720435 0.042752 0.048100
5 0.230761 0.691176 0.040106 0.064338
5 0.613701 0.665594 0.041735 0.067708
5 0.585301 0.441023 0.013844 0.041973
5 0.488090 0.420343 0.011197 0.026961
1 0.115737 0.437653 0.012011 0.036458
1 0.202056 0.389400 0.012011 0.035539
1 0.484121 0.494179 0.011808 0.020221
1 0.712846 0.448529 0.009568 0.018995
1 0.859731 0.426624 0.006515 0.029105
1 0.815859 0.439951 0.011197 0.023284
3 0.484935 0.735754 0.035831 0.078125
3 0.593139 0.716452 0.060057 0.097120
3 0.626934 0.685968 0.025041 0.053309
0 0.187907 0.630055 0.260993 0.524203
0 0.250407 0.590533 0.229235 0.527267
0 0.453481 0.604626 0.186279 0.367341
0 0.716612 0.581495 0.243078 0.423407
0 0.876221 0.559283 0.173860 0.374081
0 0.537256 0.404412 0.111564 0.433824