6 0.304888 0.269593 0.196666 0.187641
6 0.496892 0.371515 0.209946 0.190656
6 0.779175 0.191692 0.192992 0.149020
2 0.316332 0.295215 0.142131 0.126225
2 0.501695 0.392144 0.124611 0.123399
2 0.772817 0.220045 0.106810 0.089676
1 0.231704 0.275716 0.033908 0.047287
5 0.925544 0.423229 0.100311 0.058214
5 0.433032 0.675396 0.103136 0.095705
5 0.171094 0.513847 0.109918 0.075170
5 0.242159 0.516108 0.050297 0.038621
0 0.837807 0.549548 0.324385 0.871891
0 0.203447 0.583271 0.406895 0.796534
0 0.529104 0.634137 0.437694 0.731726