6 0.595750 0.188750 0.040500 0.085500
6 0.650333 0.201250 0.039333 0.087000
6 0.716000 0.318000 0.047667 0.073000
2 0.595417 0.208500 0.034167 0.044000
2 0.648167 0.226500 0.032333 0.035000
2 0.702917 0.321125 0.021833 0.064250
1 0.580083 0.188250 0.008167 0.017500
1 0.715917 0.339500 0.007833 0.015000
5 0.638333 0.345375 0.030000 0.030250
5 0.609250 0.355125 0.018500 0.029250
3 0.500500 0.359375 0.022000 0.041250
3 0.662167 0.432000 0.025333 0.047500
3 0.659167 0.390250 0.025667 0.026500
0 0.552000 0.361000 0.127333 0.430500
0 0.694250 0.467750 0.107500 0.385000
0 0.634917 0.332000 0.126833 0.373500