2 0.605766 0.302688 0.074569 0.133147
6 0.608810 0.276820 0.083023 0.186406
2 0.810196 0.628202 0.074907 0.144560
6 0.829895 0.588004 0.115658 0.224956
2 0.323047 0.580903 0.066114 0.117423
6 0.314846 0.557570 0.083192 0.164088
2 0.158184 0.548821 0.039398 0.151661
6 0.121576 0.538423 0.111600 0.172458
1 0.647193 0.284301 0.011667 0.046158
1 0.840548 0.608547 0.020291 0.053005
1 0.132313 0.567081 0.021136 0.047172
1 0.282719 0.575070 0.016571 0.042861
5 0.446906 0.813847 0.054109 0.058838
5 0.584714 0.666244 0.065945 0.066447
5 0.679236 0.592569 0.053433 0.060614
5 0.756679 0.658128 0.052756 0.097388
5 0.323977 0.866092 0.046331 0.067461
5 0.298106 0.890185 0.059520 0.084707
0 0.625211 0.497210 0.260568 0.629216
0 0.344521 0.659650 0.257525 0.366726
0 0.174248 0.726731 0.348157 0.546538
0 0.832009 0.727872 0.326852 0.544256