2 0.275641 0.209736 0.075641 0.118990
6 0.263862 0.145072 0.116506 0.249279
2 0.543990 0.359014 0.087019 0.170913
6 0.569311 0.317187 0.137019 0.252163
2 0.748878 0.343510 0.078526 0.151923
6 0.777324 0.279567 0.145032 0.291346
5 0.184455 0.590625 0.078205 0.097115
5 0.339503 0.526563 0.052404 0.086298
5 0.577324 0.715505 0.053365 0.096875
5 0.643910 0.726082 0.094231 0.101202
5 0.765304 0.433053 0.064263 0.083413
5 0.940785 0.659615 0.118429 0.088942
0 0.247917 0.469111 0.323397 0.906490
0 0.625561 0.483774 0.250160 0.587740
0 0.853125 0.439904 0.293750 0.612981