5 0.281262 0.693846 0.042462 0.087769
5 0.345345 0.710854 0.059213 0.048039
5 0.382743 0.764217 0.074406 0.066476
5 0.392384 0.829265 0.093689 0.085432
5 0.617842 0.830174 0.099727 0.057128
5 0.758765 0.896001 0.129918 0.072968
5 0.717082 0.861465 0.066030 0.077123
6 0.362485 0.276941 0.099338 0.191898
2 0.357226 0.309011 0.079860 0.126720
6 0.451013 0.443521 0.119400 0.208777
2 0.443319 0.486367 0.095442 0.120488
6 0.607616 0.208907 0.132256 0.242275
2 0.593787 0.262270 0.100312 0.134511
6 0.837846 0.389769 0.154071 0.263308
2 0.797429 0.436770 0.070510 0.167229
1 0.405824 0.283303 0.012661 0.039990
1 0.648520 0.231239 0.021231 0.053233
0 0.365991 0.458712 0.245812 0.557518
0 0.487339 0.606985 0.283210 0.532070
0 0.658356 0.472605 0.287885 0.769151
0 0.842326 0.628798 0.315349 0.742405