6 0.754477 0.488927 0.048844 0.040816
6 0.631390 0.464177 0.050798 0.046895
6 0.517258 0.474056 0.055682 0.044941
6 0.372517 0.502063 0.062520 0.054060
6 0.282481 0.485997 0.044611 0.046244
2 0.755454 0.490013 0.037121 0.030829
2 0.630902 0.465697 0.038098 0.036040
2 0.520026 0.477095 0.035168 0.033218
2 0.373168 0.506405 0.037121 0.035823
2 0.280039 0.493378 0.035168 0.029310
1 0.302670 0.490013 0.007489 0.017803
1 0.396125 0.507816 0.006838 0.016066
1 0.610225 0.469931 0.007164 0.013678
1 0.653045 0.468954 0.006187 0.016500
1 0.775155 0.491316 0.003582 0.010421
1 0.734126 0.492293 0.004884 0.012375
5 0.531586 0.576314 0.047867 0.024967
5 0.374471 0.590534 0.037121 0.025619
5 0.721589 0.633521 0.028004 0.030395
5 0.803484 0.637321 0.012048 0.027139
0 0.277597 0.614850 0.150114 0.307859
0 0.636600 0.615067 0.134158 0.358228
0 0.526864 0.648719 0.158255 0.378637
0 0.372354 0.634281 0.121459 0.332827
0 0.756757 0.614416 0.113969 0.304386