6 0.212654 0.281580 0.066517 0.116445
6 0.734043 0.348825 0.058903 0.117467
2 0.226204 0.307967 0.038522 0.061628
2 0.735946 0.386279 0.037626 0.042560
1 0.199440 0.306265 0.012318 0.027579
3 0.191153 0.637215 0.028443 0.053456
3 0.337626 0.350187 0.014558 0.059585
3 0.670213 0.632959 0.028891 0.052434
3 0.860470 0.392918 0.018813 0.051073
3 0.861142 0.631767 0.016573 0.033027
4 0.214894 0.261321 0.077268 0.082057
4 0.735274 0.334355 0.057783 0.091250
7 0.717133 0.498808 0.111534 0.241062
7 0.822956 0.540518 0.085330 0.186244
7 0.218141 0.465611 0.133483 0.280899
0 0.247480 0.457099 0.191265 0.479060
0 0.756887 0.472251 0.219709 0.398366