5 0.521429 0.478013 0.046429 0.052455
5 0.521949 0.505357 0.045685 0.049107
5 0.542336 0.506362 0.040625 0.027455
5 0.650000 0.697879 0.057738 0.060937
6 0.304911 0.489509 0.096131 0.132143
2 0.334449 0.508482 0.034673 0.095982
6 0.365848 0.327902 0.071875 0.133482
2 0.374182 0.352121 0.055804 0.084598
6 0.734896 0.468080 0.093601 0.144196
2 0.713021 0.474219 0.050149 0.131027
6 0.678869 0.334152 0.072321 0.147321
2 0.667708 0.354018 0.049405 0.108482
1 0.306994 0.534152 0.019345 0.030357
1 0.342411 0.344308 0.013988 0.030134
1 0.743378 0.496317 0.018006 0.035491
1 0.699628 0.355469 0.015030 0.028795
0 0.391890 0.651897 0.307292 0.500223
0 0.403646 0.394308 0.190327 0.268527
0 0.668378 0.621875 0.275149 0.447768
0 0.634226 0.382924 0.210119 0.245759