6 0.460135 0.474572 0.051450 0.054276
6 0.410235 0.226910 0.039226 0.039681
2 0.401204 0.230901 0.016785 0.029418
6 0.619504 0.535804 0.022441 0.031243
5 0.417351 0.611745 0.022441 0.047206
5 0.487867 0.597149 0.010947 0.027594
5 0.593049 0.628278 0.009305 0.022349
5 0.647236 0.628962 0.010764 0.018700
1 0.451651 0.480730 0.008210 0.013683
1 0.412334 0.228734 0.005473 0.015507
1 0.615946 0.535690 0.003284 0.007298
0 0.457672 0.649031 0.162562 0.411403
0 0.393906 0.352794 0.149973 0.288712
0 0.620598 0.609578 0.070608 0.177423