6 0.669556 0.117561 0.037842 0.079473
2 0.664062 0.140908 0.021484 0.029848
5 0.372803 0.552463 0.033936 0.047244
5 0.469727 0.582769 0.026855 0.053653
5 0.506409 0.455686 0.018433 0.035708
5 0.622620 0.499725 0.021118 0.047244
5 0.698303 0.683391 0.055542 0.062992
5 0.706543 0.599707 0.034180 0.043582
5 0.615234 0.249405 0.018799 0.027101
5 0.648071 0.288683 0.020996 0.026552
5 0.394897 0.008973 0.013672 0.017579
3 0.230652 0.911463 0.166870 0.151071
3 0.232056 0.818440 0.108398 0.085515
3 0.551270 0.143563 0.019043 0.018678
3 0.539429 0.178356 0.017822 0.020875
0 0.665894 0.187786 0.116699 0.225783
0 0.187683 0.831807 0.286743 0.336385
0 0.597839 0.913752 0.228638 0.172496
0 0.823669 0.694378 0.306763 0.291155
0 0.400208 0.453580 0.165894 0.312031
0 0.575562 0.396722 0.156250 0.255814
0 0.509766 0.132027 0.101807 0.213880
0 0.474792 0.018403 0.031616 0.036440