6 0.322434 0.534079 0.108218 0.192130
2 0.329958 0.548225 0.095100 0.166924
6 0.340760 0.326132 0.073881 0.118827
2 0.342014 0.332305 0.064043 0.108025
6 0.550733 0.245885 0.061728 0.121914
2 0.552566 0.252315 0.050733 0.106996
6 0.721740 0.311728 0.063079 0.125000
2 0.724537 0.323174 0.052855 0.103652
6 0.824363 0.551698 0.090471 0.147634
2 0.820795 0.561857 0.074846 0.125772
5 0.458430 0.816358 0.054977 0.112140
5 0.252990 0.367413 0.074267 0.102109
5 0.429109 0.369084 0.036844 0.055041
5 0.532118 0.080890 0.053819 0.058899
5 0.599633 0.587191 0.043789 0.044753
5 0.657118 0.359954 0.035301 0.054270
5 0.774498 0.480195 0.043596 0.063272
5 0.714892 0.872428 0.034336 0.024691
5 0.908951 0.411651 0.063657 0.093879
1 0.277392 0.534336 0.017361 0.048097
1 0.309124 0.321502 0.009452 0.036523
1 0.523823 0.250900 0.006752 0.027521
1 0.579379 0.252829 0.005594 0.027778
1 0.862751 0.558513 0.009838 0.036265
0 0.713349 0.466821 0.165895 0.448560
0 0.530478 0.383102 0.200617 0.665381
0 0.323013 0.431327 0.250193 0.328189
0 0.809992 0.683513 0.289738 0.632973
0 0.328800 0.658565 0.433835 0.682870