6 0.795961 0.199079 0.138464 0.253237
6 0.641373 0.336404 0.110871 0.199203
6 0.432846 0.404507 0.112367 0.167082
6 0.273271 0.243401 0.115691 0.214890
6 0.150515 0.332669 0.161070 0.256972
2 0.786320 0.235184 0.090924 0.173058
2 0.634558 0.368775 0.074634 0.134462
2 0.439744 0.409985 0.070645 0.154631
2 0.293301 0.263571 0.074967 0.173058
2 0.198055 0.365787 0.063331 0.179283
1 0.840010 0.222610 0.027094 0.057271
5 0.718418 0.883342 0.074136 0.110309
5 0.511220 0.608690 0.119847 0.098357
5 0.530751 0.643924 0.064827 0.039343
5 0.540143 0.671813 0.125831 0.078187
5 0.548537 0.717629 0.088098 0.070717
5 0.554604 0.718376 0.089594 0.058765
5 0.275183 0.751245 0.037400 0.073705
5 0.507314 0.877366 0.028590 0.122261
0 0.718251 0.531997 0.530585 0.925548
0 0.636553 0.607445 0.293384 0.748257
0 0.447141 0.661977 0.183511 0.676046
0 0.395445 0.584661 0.399269 0.830677
0 0.290974 0.591384 0.515791 0.800797