5 0.545686 0.875928 0.057978 0.069109
5 0.601577 0.870014 0.056277 0.070733
5 0.820346 0.891698 0.041126 0.091837
5 0.484926 0.519712 0.011596 0.052412
6 0.589363 0.355056 0.079468 0.163265
1 0.555040 0.352389 0.008349 0.037338
2 0.589131 0.370942 0.068800 0.131030
1 0.616651 0.389147 0.009431 0.026438
6 0.709029 0.291396 0.089054 0.177876
1 0.669450 0.305659 0.008040 0.037570
2 0.703386 0.311688 0.068491 0.135900
1 0.746058 0.291628 0.014688 0.048933
0 0.571351 0.636827 0.201453 0.726345
0 0.745826 0.599954 0.227582 0.800093