2 0.469451 0.392232 0.068829 0.132486
6 0.467943 0.369068 0.089195 0.177684
2 0.642184 0.415113 0.071092 0.126836
6 0.644447 0.385311 0.086555 0.181921
2 0.821045 0.420198 0.077315 0.133051
6 0.825193 0.391102 0.103338 0.191243
6 0.311427 0.383898 0.143881 0.229379
1 0.866114 0.408757 0.015086 0.037853
1 0.608523 0.382768 0.008297 0.038418
1 0.676692 0.412571 0.013012 0.026271
5 0.498963 0.651977 0.062606 0.065537
5 0.433717 0.714972 0.054309 0.096045
5 0.398737 0.717938 0.049217 0.048305
5 0.791250 0.657203 0.070903 0.055085
0 0.456628 0.482768 0.200453 0.411864
0 0.868188 0.501271 0.230058 0.406497
0 0.630492 0.466808 0.181218 0.343220
0 0.302847 0.631921 0.319065 0.736158