6 0.382358 0.287082 0.130645 0.208363
6 0.657505 0.281943 0.142790 0.209764
6 0.821084 0.185704 0.134226 0.160710
2 0.776705 0.205443 0.044846 0.121233
6 0.232015 0.150549 0.117409 0.162345
2 0.276004 0.154403 0.029119 0.126139
1 0.820461 0.257066 0.021489 0.024994
1 0.618421 0.365802 0.012924 0.040645
1 0.436391 0.326910 0.014481 0.041813
5 0.316101 0.344896 0.052632 0.071712
5 0.438726 0.354824 0.018219 0.057930
5 0.490424 0.335786 0.046870 0.077318
5 0.570617 0.330764 0.055279 0.062602
5 0.754594 0.174492 0.037683 0.060266
5 0.760121 0.185704 0.032233 0.086428
0 0.831517 0.303667 0.194955 0.432609
0 0.244706 0.323523 0.198536 0.498949
0 0.655248 0.478276 0.232949 0.603831
0 0.424712 0.531535 0.304734 0.493576