6 0.978045 0.460096 0.020513 0.038942
2 0.975240 0.465865 0.013942 0.026923
6 0.883574 0.506731 0.017788 0.027404
2 0.880769 0.508293 0.011538 0.024279
6 0.816587 0.465505 0.021314 0.036298
6 0.857933 0.515024 0.014263 0.028606
6 0.776683 0.501563 0.017788 0.031010
6 0.939423 0.563101 0.009936 0.017067
6 0.600561 0.532091 0.009135 0.020433
6 0.628526 0.535457 0.009936 0.019471
2 0.629167 0.537380 0.007372 0.014183
6 0.570913 0.481370 0.016827 0.031010
2 0.567708 0.489784 0.008173 0.014663
6 0.056090 0.515865 0.013141 0.025000
6 0.068029 0.520433 0.019391 0.031731
2 0.062420 0.523678 0.008494 0.023798
6 0.159936 0.488822 0.017949 0.032933
6 0.250160 0.481611 0.072436 0.154087
6 0.320272 0.505048 0.013622 0.029808
6 0.335737 0.514062 0.030769 0.051202
6 0.431811 0.501202 0.030929 0.060096
2 0.319151 0.507933 0.008814 0.022115
1 0.276042 0.497476 0.011058 0.036298
1 0.347196 0.521034 0.005288 0.014663
1 0.421234 0.507212 0.004647 0.014904
1 0.321875 0.518630 0.004006 0.014663
1 0.163141 0.492308 0.002885 0.009615
1 0.887179 0.508293 0.002885 0.009375
1 0.822676 0.471034 0.003365 0.011298
1 0.775240 0.504687 0.003365 0.009375
1 0.983253 0.458894 0.004006 0.010577
1 0.938862 0.563221 0.002404 0.006250
5 0.282452 0.936178 0.041506 0.102644
5 0.352083 0.649038 0.019231 0.038462
5 0.306410 0.631370 0.018590 0.039183
5 0.021875 0.517067 0.043429 0.088462
5 0.985497 0.530409 0.010737 0.015625
5 0.555929 0.512139 0.010577 0.018990
5 0.137740 0.532692 0.004968 0.022115
0 0.981811 0.502043 0.036378 0.120913
0 0.886939 0.543870 0.025481 0.103606
0 0.074199 0.564904 0.033013 0.126923
0 0.083173 0.529447 0.023397 0.068510
0 0.140625 0.577163 0.020673 0.152404
0 0.162019 0.567067 0.039744 0.190385
0 0.242228 0.701683 0.142788 0.596635
0 0.325641 0.685216 0.119551 0.394471
0 0.317788 0.515385 0.013782 0.052885
0 0.439423 0.645072 0.056731 0.346875
0 0.572196 0.519111 0.044712 0.109375
0 0.600481 0.541587 0.017308 0.040385
0 0.631250 0.541226 0.019551 0.025240
0 0.778606 0.541587 0.022276 0.112500
0 0.813622 0.518149 0.055769 0.141106
0 0.859054 0.536659 0.029327 0.074279