2 0.591048 0.415195 0.056290 0.125333
6 0.593468 0.401887 0.071129 0.150980
2 0.693952 0.594967 0.052419 0.124365
6 0.708387 0.590128 0.084194 0.135979
6 0.435565 0.510283 0.102742 0.163078
2 0.304435 0.581055 0.064355 0.116864
6 0.283065 0.560610 0.108710 0.161626
1 0.267500 0.586257 0.022419 0.035809
1 0.473226 0.560973 0.010968 0.037987
1 0.621452 0.413985 0.014516 0.030486
1 0.723952 0.629567 0.017903 0.030486
5 0.514677 0.305589 0.061290 0.125817
5 0.525161 0.340915 0.059677 0.116138
5 0.709758 0.842366 0.078226 0.052020
5 0.594516 0.709654 0.053548 0.082749
5 0.456613 0.984515 0.041935 0.030970
0 0.587661 0.512219 0.179839 0.472780
0 0.692581 0.706146 0.342258 0.372853
0 0.232419 0.738568 0.218065 0.522865
0 0.410242 0.620857 0.274677 0.758287