5 0.359625 0.803000 0.179750 0.109000
6 0.182125 0.347167 0.087250 0.083000
6 0.260750 0.339667 0.093500 0.090667
2 0.252375 0.344000 0.076750 0.082000
6 0.328875 0.339917 0.087750 0.127833
2 0.328750 0.348417 0.087500 0.109167
6 0.453250 0.299917 0.215500 0.189500
1 0.499500 0.324000 0.039000 0.052000
2 0.413000 0.332167 0.135500 0.122000
6 0.716750 0.273667 0.379500 0.269667
2 0.635000 0.304750 0.216000 0.209833
1 0.773250 0.300000 0.065500 0.074333
0 0.358625 0.471250 0.169250 0.389500
0 0.480250 0.456917 0.357500 0.497167
0 0.634250 0.559250 0.731500 0.881500
0 0.193750 0.435917 0.128500 0.264833
0 0.270500 0.462000 0.185500 0.339667