6 0.650414 0.434795 0.043278 0.078477
2 0.648971 0.444460 0.033083 0.059146
6 0.441816 0.383728 0.071168 0.141950
2 0.445663 0.405078 0.055780 0.097519
1 0.667725 0.447490 0.008271 0.018465
1 0.631371 0.450519 0.005578 0.018177
1 0.412676 0.404357 0.010194 0.019331
3 0.345451 0.375793 0.048471 0.083958
3 0.534141 0.895557 0.046547 0.117715
3 0.643585 0.713358 0.030390 0.070110
3 0.711964 0.678881 0.025582 0.065782
0 0.426909 0.646855 0.269475 0.706290
0 0.696769 0.693306 0.193691 0.601269
4 0.443162 0.338863 0.086555 0.090883
4 0.650125 0.416763 0.045778 0.049913