2 0.506625 0.394167 0.122250 0.097000
2 0.682875 0.486917 0.143250 0.115833
6 0.798875 0.142417 0.065250 0.064833
6 0.737375 0.460167 0.316250 0.284333
6 0.535375 0.363917 0.177250 0.133167
6 0.354625 0.287250 0.104750 0.081167
5 0.290625 0.746667 0.184750 0.115000
5 0.305125 0.687500 0.149750 0.076333
5 0.260125 0.555583 0.084750 0.042500
5 0.334125 0.527167 0.089250 0.022000
0 0.479625 0.464917 0.497750 0.354500
0 0.598500 0.600917 0.803000 0.568500
0 0.801625 0.200167 0.195250 0.228667
0 0.375375 0.326083 0.161750 0.147167