6 0.613402 0.451468 0.102780 0.102270
6 0.473758 0.346594 0.105904 0.108311
6 0.228054 0.432514 0.129335 0.095189
2 0.607466 0.465632 0.086535 0.068527
2 0.460794 0.368048 0.077476 0.058321
2 0.251953 0.450844 0.077788 0.046865
1 0.654171 0.450635 0.018119 0.032285
1 0.511559 0.357530 0.018432 0.029785
5 0.516870 0.509477 0.085911 0.064570
5 0.399406 0.436784 0.102156 0.075818
5 0.232271 0.506978 0.076539 0.050406
5 0.768666 0.671943 0.085911 0.039575
0 0.450172 0.471673 0.263668 0.353051
0 0.691503 0.608207 0.438301 0.421162
0 0.262262 0.648719 0.303343 0.526349