5 0.298504 0.794060 0.054910 0.050633
5 0.411985 0.690969 0.079739 0.071324
5 0.456549 0.713121 0.054273 0.054771
5 0.427582 0.739411 0.121439 0.054771
5 0.802642 0.924659 0.103772 0.057692
6 0.160831 0.522517 0.117619 0.188656
2 0.180328 0.548685 0.078625 0.135346
1 0.136877 0.554893 0.017508 0.027020
6 0.453048 0.445594 0.082922 0.183788
1 0.480105 0.480648 0.009072 0.022639
2 0.445170 0.463729 0.065574 0.146056
6 0.692583 0.497566 0.117937 0.167965
1 0.712876 0.528116 0.026420 0.043087
2 0.667197 0.504990 0.068757 0.153116
6 0.822776 0.515093 0.128442 0.229796
1 0.830575 0.554163 0.013210 0.026047
2 0.792376 0.539679 0.067325 0.179163
0 0.451377 0.567916 0.202451 0.493671
0 0.718049 0.677215 0.563903 0.552093
0 0.560162 0.642527 0.385962 0.461295
0 0.229986 0.670764 0.439917 0.529942