6 0.464912 0.628564 0.011696 0.020285
6 0.563231 0.597588 0.013158 0.020833
6 0.543860 0.539474 0.007310 0.012061
6 0.494152 0.539200 0.005117 0.008224
6 0.416484 0.569353 0.008406 0.011513
6 0.381213 0.548520 0.007310 0.011513
6 0.399123 0.501096 0.005848 0.009868
6 0.393275 0.505757 0.005848 0.010417
5 0.423611 0.597314 0.005117 0.008224
3 0.554276 0.643092 0.009137 0.014254
3 0.535453 0.565789 0.004386 0.008772
3 0.490132 0.546601 0.003655 0.006579
5 0.386330 0.561952 0.005117 0.006579
5 0.401681 0.512610 0.003655 0.005482
3 0.471857 0.648849 0.008041 0.007127
6 0.372807 0.516721 0.004386 0.007127
5 0.378289 0.512884 0.003655 0.007127
0 0.559576 0.641996 0.031433 0.109649
0 0.460526 0.641996 0.031433 0.049342
0 0.412829 0.575932 0.027412 0.053180
0 0.380117 0.558936 0.019006 0.031250
0 0.374269 0.532072 0.013158 0.047697
0 0.392361 0.521107 0.009137 0.038925
0 0.399488 0.513980 0.007310 0.034539
0 0.495797 0.549342 0.015716 0.027412
0 0.543494 0.566338 0.019006 0.066886