6 0.158698 0.657974 0.019009 0.030603
6 0.320709 0.624784 0.010657 0.023707
6 0.537730 0.555819 0.013825 0.027155
6 0.798531 0.601509 0.007776 0.013362
5 0.358871 0.680388 0.005760 0.012500
5 0.354119 0.680603 0.004320 0.010345
5 0.597062 0.780603 0.008641 0.019828
5 0.624424 0.768103 0.015553 0.015517
4 0.319412 0.620259 0.014401 0.012931
7 0.802419 0.611207 0.010945 0.015517
6 0.592310 0.699569 0.021025 0.036207
6 0.633641 0.629095 0.017281 0.027155
2 0.638393 0.632328 0.007200 0.013793
0 0.317108 0.643534 0.018433 0.060345
0 0.133065 0.694181 0.070276 0.126293
0 0.222494 0.616595 0.019297 0.053879
0 0.367079 0.650862 0.045219 0.073276
0 0.618232 0.716595 0.074597 0.147845
0 0.655098 0.638578 0.060196 0.100431
0 0.522609 0.617888 0.048099 0.152155
0 0.948445 0.681466 0.051843 0.128448
0 0.800403 0.606250 0.016129 0.025431