6 0.325138 0.245864 0.055607 0.104473
6 0.528722 0.528799 0.046415 0.074142
6 0.617188 0.555147 0.048254 0.087010
2 0.326976 0.266085 0.044577 0.056066
1 0.353516 0.241728 0.009421 0.031863
1 0.303768 0.258119 0.008272 0.027880
1 0.510110 0.534007 0.007353 0.022672
1 0.549517 0.535539 0.006664 0.025735
1 0.637638 0.558517 0.008272 0.023284
3 0.216797 0.330729 0.078355 0.083640
0 0.627068 0.616728 0.085478 0.191176
0 0.523093 0.602175 0.121553 0.230086
0 0.296645 0.449142 0.236673 0.516544
2 0.613856 0.567249 0.037454 0.046875
2 0.529642 0.537071 0.034007 0.049020