6 0.133772 0.652321 0.134320 0.091557
6 0.507538 0.570358 0.187226 0.138889
6 0.686404 0.645011 0.158443 0.119335
5 0.618558 0.793768 0.104989 0.038194
5 0.865269 0.895651 0.062774 0.039108
5 0.201343 0.901773 0.044682 0.036001
1 0.653783 0.658352 0.018640 0.025037
1 0.490132 0.581780 0.018640 0.030519
1 0.160499 0.664382 0.019463 0.020651
7 0.160088 0.790570 0.176535 0.203582
7 0.417900 0.764346 0.233279 0.295504
7 0.656250 0.819627 0.211623 0.261330
4 0.134046 0.631031 0.133772 0.049342
4 0.506716 0.531890 0.187226 0.064145
4 0.686952 0.617690 0.160636 0.063596
0 0.182292 0.803180 0.291667 0.392178
0 0.485197 0.749635 0.375000 0.500731
0 0.722588 0.794134 0.345943 0.411732