6 0.371917 0.505000 0.019500 0.035500
2 0.373917 0.513250 0.015167 0.017500
6 0.490167 0.491500 0.013000 0.027000
2 0.490833 0.495625 0.010333 0.017250
6 0.633750 0.493625 0.013167 0.024250
2 0.634833 0.498125 0.010667 0.011250
6 0.836083 0.488500 0.014833 0.025000
2 0.837250 0.494000 0.010833 0.012000
1 0.364750 0.507625 0.003500 0.007250
1 0.831167 0.488125 0.002000 0.004750
5 0.259583 0.556125 0.005500 0.010250
5 0.244167 0.556750 0.010667 0.009000
5 0.361750 0.585125 0.012833 0.018750
5 0.395333 0.583250 0.008333 0.013000
5 0.477083 0.548500 0.006833 0.012000
5 0.503083 0.546875 0.005167 0.010750
5 0.634333 0.538500 0.011333 0.011000
5 0.829167 0.539875 0.006333 0.010250
5 0.835333 0.535875 0.005667 0.013250
0 0.366250 0.541000 0.066500 0.108500
0 0.488833 0.516250 0.035333 0.076500
0 0.823417 0.510500 0.045833 0.069500
0 0.628250 0.512750 0.041167 0.079000
0 0.244083 0.533375 0.038833 0.067250