6 0.709802 0.481640 0.094982 0.074841
6 0.544807 0.402287 0.058110 0.061771
6 0.467095 0.422826 0.065111 0.061771
6 0.251925 0.516882 0.097316 0.060681
2 0.547025 0.409600 0.052275 0.038120
2 0.471879 0.431072 0.042007 0.039988
2 0.278063 0.522328 0.040373 0.051035
2 0.716219 0.502723 0.056009 0.039521
1 0.520887 0.400653 0.009335 0.016182
1 0.443057 0.423837 0.011902 0.018360
5 0.715169 0.594601 0.051575 0.028474
5 0.564411 0.539599 0.051575 0.029874
5 0.395333 0.570639 0.033139 0.029096
0 0.536289 0.443053 0.118086 0.189669
0 0.434189 0.500545 0.314352 0.196048
0 0.288448 0.660261 0.243174 0.360510
0 0.703851 0.623930 0.272579 0.379337