6 0.808030 0.431236 0.083536 0.165293
6 0.708232 0.449241 0.078812 0.164859
6 0.652227 0.461497 0.054791 0.128200
6 0.559447 0.428091 0.058435 0.129501
6 0.495412 0.448265 0.071795 0.116920
2 0.786977 0.465835 0.033873 0.095228
2 0.695884 0.480369 0.045209 0.096529
2 0.646896 0.473970 0.043590 0.104121
2 0.558367 0.446204 0.049798 0.088503
2 0.495816 0.462907 0.042915 0.084165
1 0.585358 0.431453 0.005803 0.034273
1 0.671930 0.461931 0.009717 0.028850
1 0.800945 0.453254 0.009987 0.040998
1 0.710526 0.458460 0.016464 0.033623
5 0.729352 0.687093 0.070310 0.049241
5 0.750337 0.794143 0.058300 0.102386
5 0.656140 0.692299 0.042645 0.038829
5 0.412955 0.681128 0.034548 0.056399
0 0.807895 0.636443 0.250337 0.571800
0 0.454588 0.579284 0.328070 0.448807
0 0.682119 0.620174 0.219028 0.505857
0 0.392713 0.573102 0.313630 0.418655
0 0.574494 0.596746 0.280432 0.388286