6 0.218251 0.292455 0.094415 0.206424
6 0.625332 0.292953 0.144282 0.291086
6 0.934591 0.287226 0.130818 0.465886
2 0.605136 0.326444 0.101562 0.193725
2 0.937999 0.362674 0.124003 0.305030
2 0.225066 0.302166 0.076130 0.176544
1 0.182264 0.307395 0.016124 0.039592
1 0.671459 0.320468 0.032746 0.058267
5 0.463597 0.682769 0.104388 0.132968
5 0.320479 0.577689 0.075133 0.067231
5 0.177360 0.592878 0.077128 0.088147
5 0.283826 0.914094 0.159741 0.171813
5 0.102975 0.763571 0.092254 0.122261
5 0.075715 0.667455 0.077626 0.079930
0 0.597241 0.469124 0.391290 0.679781
0 0.223404 0.408118 0.393285 0.485060