6 0.122750 0.960040 0.131833 0.079920
2 0.158333 0.967158 0.059333 0.065684
6 0.147083 0.047078 0.104500 0.093656
2 0.135167 0.061064 0.079667 0.067183
6 0.455333 0.030220 0.114333 0.059940
2 0.479583 0.029845 0.065167 0.059191
6 0.738333 0.053322 0.151333 0.106144
2 0.687750 0.067308 0.050167 0.075175
5 0.291833 0.958541 0.074333 0.075425
5 0.303917 0.923077 0.073833 0.064935
5 0.318333 0.955170 0.051000 0.071678
5 0.682083 0.971154 0.020500 0.057692
5 0.867583 0.747253 0.049167 0.108392
5 0.862417 0.771728 0.030500 0.088412
5 0.017167 0.402597 0.034000 0.061938
5 0.056667 0.407343 0.051333 0.088911
5 0.060583 0.393482 0.032167 0.091658
5 0.298167 0.250000 0.068333 0.119880
5 0.528917 0.155345 0.061500 0.089910
5 0.545333 0.144980 0.047000 0.070180
5 0.705667 0.241633 0.059333 0.058192
1 0.098333 0.927947 0.018000 0.013736
1 0.440917 0.051324 0.022167 0.019730
1 0.190333 0.020105 0.014333 0.033217
0 0.677417 0.137238 0.314833 0.273976
0 0.775750 0.863262 0.220833 0.273477
0 0.417750 0.934565 0.249833 0.130869
0 0.430417 0.140235 0.260167 0.279970
0 0.177000 0.926074 0.329000 0.147852
0 0.921750 0.498876 0.156500 0.584665
0 0.190750 0.219156 0.296500 0.437812
0 0.040583 0.502747 0.080833 0.280220