2 0.455512 0.491753 0.052083 0.068576
2 0.710829 0.384838 0.059245 0.070023
2 0.180122 0.310619 0.019965 0.035012
6 0.441406 0.465856 0.083767 0.120949
6 0.179036 0.307581 0.022569 0.048032
6 0.720052 0.352865 0.086372 0.135127
1 0.436957 0.481337 0.011068 0.021123
1 0.743815 0.372830 0.011502 0.019387
5 0.480035 0.659867 0.029948 0.034433
5 0.479058 0.672020 0.037977 0.025752
5 0.205512 0.431713 0.013455 0.014468
5 0.763889 0.713542 0.037326 0.067130
5 0.601454 0.436198 0.031033 0.043113
0 0.350803 0.702691 0.301432 0.594618
0 0.694770 0.631366 0.218967 0.695602
0 0.184245 0.414352 0.068576 0.260995
0 0.035482 0.387153 0.070095 0.282407
5 0.040039 0.287037 0.017578 0.027778
0 0.330404 0.354890 0.035373 0.046007
0 0.367296 0.354022 0.036675 0.047743