6 0.140963 0.347488 0.169372 0.136249
6 0.517587 0.346585 0.125000 0.129382
1 0.463203 0.348572 0.016234 0.034333
6 0.414232 0.320564 0.061147 0.047705
6 0.255952 0.316769 0.028139 0.035056
6 0.293290 0.310083 0.038961 0.041200
6 0.595509 0.315504 0.048160 0.063607
6 0.688312 0.323455 0.053030 0.053488
6 0.755411 0.331587 0.086580 0.087821
1 0.723214 0.336465 0.015693 0.023130
6 0.834145 0.323094 0.074134 0.061438
6 0.850649 0.280087 0.041126 0.033972
6 0.926948 0.322371 0.087662 0.075172
1 0.821158 0.331767 0.014610 0.017347
1 0.965639 0.342609 0.008117 0.007951
5 0.140693 0.806650 0.069264 0.033972
5 0.534091 0.654319 0.082251 0.086375
5 0.815206 0.521865 0.030844 0.043368
5 0.287067 0.502891 0.118506 0.079870
5 0.978084 0.359776 0.028680 0.019154
0 0.219968 0.550416 0.257035 0.540658
0 0.484848 0.640405 0.363636 0.719190
0 0.402056 0.349295 0.085498 0.108059
0 0.720779 0.540477 0.219697 0.506325
0 0.901245 0.540296 0.197511 0.503795
0 0.820076 0.481207 0.096861 0.366823
0 0.707251 0.460065 0.186147 0.338272
0 0.113636 0.640043 0.226190 0.719913