5 0.227530 0.841352 0.067262 0.063001
5 0.282961 0.798740 0.054315 0.064376
5 0.401042 0.730355 0.065774 0.057732
5 0.409226 0.657617 0.038988 0.050630
5 0.521429 0.707102 0.052679 0.077663
5 0.545610 0.659221 0.063244 0.090493
6 0.187277 0.450286 0.124554 0.218786
2 0.218899 0.484422 0.061905 0.148225
1 0.182589 0.486369 0.011012 0.041237
6 0.366295 0.385109 0.098958 0.185109
1 0.342783 0.410653 0.015923 0.025430
2 0.383333 0.418442 0.065476 0.117526
6 0.623140 0.437228 0.090625 0.191753
2 0.604539 0.460252 0.053423 0.142039
1 0.636979 0.462543 0.012351 0.024284
6 0.790625 0.347079 0.030357 0.066896
6 0.708705 0.467468 0.028125 0.066667
0 0.604539 0.668041 0.221280 0.663918
0 0.180655 0.661054 0.260714 0.677892
0 0.727455 0.580412 0.105804 0.289347
0 0.809673 0.536770 0.082143 0.443986
0 0.352827 0.637801 0.227976 0.724399