6 0.165953 0.315758 0.046269 0.088212
6 0.432402 0.343725 0.042124 0.091219
6 0.576290 0.350341 0.044531 0.091620
5 0.156860 0.403970 0.028885 0.036889
5 0.421503 0.464816 0.028350 0.029471
5 0.399840 0.456195 0.021396 0.031075
5 0.596550 0.486768 0.029955 0.027265
5 0.611527 0.446872 0.021664 0.024860
2 0.431532 0.364475 0.035304 0.051724
2 0.578898 0.366881 0.037711 0.058540
2 0.165753 0.335004 0.037844 0.048115
1 0.184942 0.317261 0.007756 0.021852
1 0.146697 0.318063 0.007489 0.015036
1 0.560177 0.360565 0.007489 0.024258
1 0.449452 0.356556 0.007221 0.021451
0 0.433003 0.399860 0.104573 0.201885
0 0.603504 0.440557 0.162343 0.273256
0 0.162410 0.400160 0.142953 0.253007