6 0.667343 0.303680 0.077157 0.162690
6 0.768105 0.250508 0.142301 0.249746
6 0.568528 0.476650 0.097124 0.217259
6 0.420812 0.386041 0.094078 0.160406
2 0.558799 0.490355 0.079019 0.179188
2 0.653553 0.317893 0.047208 0.121066
2 0.416413 0.397843 0.064636 0.127157
2 0.757953 0.303426 0.083080 0.136802
1 0.601861 0.496827 0.024365 0.046954
1 0.805668 0.254188 0.020474 0.051523
5 0.506007 0.613706 0.062098 0.074112
5 0.274450 0.594289 0.064636 0.098223
5 0.679272 0.750888 0.050931 0.079949
0 0.412098 0.564086 0.198477 0.523604
0 0.454653 0.614213 0.419966 0.469543
0 0.841963 0.506218 0.316074 0.770305
0 0.668613 0.500508 0.137225 0.549239