6 0.200854 0.532729 0.263312 0.227831
6 0.458212 0.417016 0.044260 0.052726
6 0.506852 0.438436 0.042238 0.037148
2 0.253876 0.536099 0.152775 0.187537
2 0.460121 0.426528 0.034150 0.032504
2 0.504493 0.445476 0.032577 0.024865
6 0.796113 0.608823 0.407774 0.472289
5 0.572119 0.803550 0.105370 0.091522
5 0.580656 0.779883 0.100876 0.073547
5 0.454505 0.474086 0.032802 0.015878
5 0.489778 0.485021 0.027859 0.015878
1 0.126376 0.554299 0.073916 0.057070
1 0.439901 0.418664 0.005841 0.011384
1 0.685015 0.686339 0.063357 0.115339
0 0.439901 0.455887 0.127612 0.129569
0 0.519546 0.469742 0.076163 0.103355
0 0.316558 0.709032 0.632667 0.581935
0 0.613233 0.693229 0.773534 0.613541