2 0.566583 0.319875 0.043167 0.090250
6 0.566000 0.312500 0.055667 0.107000
2 0.244500 0.371625 0.049667 0.161750
6 0.193417 0.335750 0.153167 0.234500
2 0.655833 0.585125 0.139333 0.122750
6 0.637000 0.527125 0.177333 0.233750
6 0.814250 0.343750 0.115500 0.116000
1 0.645500 0.502375 0.046333 0.040750
5 0.295500 0.496750 0.071000 0.084500
5 0.358333 0.623000 0.058000 0.059000
5 0.694333 0.321500 0.048333 0.071000
5 0.429833 0.312250 0.022667 0.045500
0 0.568500 0.424750 0.300667 0.320000
0 0.774583 0.705500 0.450833 0.589000
0 0.230667 0.614500 0.326333 0.771000