6 0.178388 0.438078 0.145455 0.281089
2 0.178645 0.474820 0.128473 0.207605
6 0.536021 0.343140 0.111835 0.234070
2 0.544940 0.372559 0.093997 0.176259
6 0.907976 0.316675 0.114408 0.228417
2 0.901973 0.342497 0.103087 0.177801
5 0.107204 0.918294 0.088851 0.132580
5 0.299571 0.824640 0.097256 0.107657
5 0.581561 0.796634 0.098971 0.089671
5 0.942196 0.404548 0.053859 0.103546
1 0.860034 0.300360 0.009949 0.053957
1 0.489537 0.353160 0.019211 0.057811
1 0.118525 0.411999 0.021269 0.073227
0 0.536878 0.529548 0.310463 0.607400
0 0.174185 0.640159 0.348370 0.687307
0 0.851372 0.347251 0.254717 0.286999