6 0.566277 0.341518 0.009844 0.019574
6 0.546245 0.281937 0.009158 0.017857
6 0.474817 0.362466 0.011447 0.020948
3 0.487179 0.410371 0.008700 0.016484
3 0.468521 0.403331 0.008929 0.008585
3 0.548535 0.333963 0.004579 0.010646
3 0.570627 0.386848 0.006639 0.009959
3 0.561699 0.372081 0.005266 0.007898
1 0.473443 0.365728 0.002747 0.004808
1 0.563416 0.340144 0.002747 0.005151
1 0.545559 0.283310 0.003205 0.005495
0 0.464515 0.384959 0.054945 0.070055
0 0.540064 0.328468 0.023352 0.115041
0 0.556891 0.361092 0.033654 0.059409