2 0.324074 0.471065 0.024306 0.021605
2 0.313079 0.430941 0.045139 0.043210
2 0.015914 0.429012 0.027199 0.026235
6 0.299769 0.423225 0.078704 0.073302
6 0.320891 0.468943 0.035301 0.038194
6 0.884838 0.348380 0.134259 0.097222
6 0.015046 0.429398 0.028935 0.056327
1 0.286458 0.419560 0.017361 0.023534
1 0.871528 0.341628 0.016204 0.023534
5 0.412037 0.517554 0.050926 0.029707
5 0.700810 0.403356 0.042824 0.045139
5 0.031250 0.581019 0.023148 0.027778
0 0.049769 0.555748 0.099537 0.357639
0 0.839410 0.655285 0.321181 0.689429
0 0.297454 0.610725 0.265046 0.459877
0 0.325521 0.565008 0.087384 0.244985