6 0.175748 0.435897 0.206731 0.199074
2 0.205262 0.476674 0.147169 0.117521
6 0.432158 0.318020 0.160256 0.159544
2 0.446715 0.349181 0.131143 0.098291
6 0.714209 0.408921 0.170406 0.145833
2 0.712340 0.438390 0.119124 0.085826
1 0.117788 0.439815 0.032051 0.039530
1 0.368189 0.334402 0.026976 0.037749
1 0.777244 0.420851 0.024573 0.033654
5 0.245994 0.650730 0.113248 0.088141
5 0.344151 0.790331 0.089476 0.055377
5 0.595486 0.687945 0.125267 0.092771
5 0.626469 0.657407 0.099092 0.042379
0 0.231170 0.668180 0.459669 0.663640
0 0.685230 0.668269 0.449519 0.663462
0 0.439637 0.513889 0.433761 0.548433