6 0.388521 0.404781 0.076827 0.138598
6 0.270147 0.348509 0.120881 0.183454
6 0.892640 0.300027 0.192872 0.257319
2 0.394878 0.411899 0.048352 0.103411
2 0.295218 0.360596 0.064291 0.148536
5 0.589183 0.626914 0.080229 0.064464
5 0.466601 0.623422 0.094019 0.075745
5 0.446723 0.757588 0.046741 0.042170
5 0.368643 0.826618 0.071454 0.074402
5 0.399893 0.803519 0.031519 0.062047
1 0.257163 0.342331 0.016476 0.040021
0 0.342586 0.588772 0.343840 0.665592
0 0.769968 0.592399 0.460064 0.815203
0 0.400519 0.584072 0.140222 0.491270