6 0.084250 0.617083 0.068500 0.054500
6 0.358000 0.544417 0.059000 0.052833
6 0.435250 0.617583 0.067500 0.043167
2 0.359000 0.559000 0.045000 0.024333
2 0.093250 0.623000 0.049500 0.041333
2 0.411750 0.623917 0.019500 0.031167
1 0.064500 0.625500 0.015000 0.014000
1 0.383250 0.540417 0.006500 0.012500
5 0.316125 0.629917 0.027250 0.025167
5 0.385625 0.700250 0.024750 0.026167
5 0.097000 0.746167 0.038500 0.025000
3 0.154500 0.526417 0.028500 0.039167
3 0.312250 0.655000 0.022500 0.037667
3 0.154875 0.517417 0.011750 0.015167
0 0.111750 0.673917 0.193000 0.332500
0 0.343750 0.643500 0.201500 0.249667
0 0.439625 0.732583 0.140250 0.274833