6 0.361779 0.429487 0.116827 0.094231
6 0.464663 0.425160 0.075000 0.065064
6 0.690385 0.406090 0.087981 0.084615
5 0.546995 0.475641 0.056010 0.035256
5 0.480529 0.555048 0.038942 0.036699
5 0.660577 0.465224 0.040865 0.064103
5 0.665505 0.448798 0.034375 0.046314
2 0.396995 0.440785 0.047837 0.071314
2 0.482091 0.427003 0.035337 0.051442
2 0.687500 0.420593 0.072115 0.055288
1 0.370192 0.434696 0.016827 0.025160
1 0.459135 0.426282 0.010096 0.017628
1 0.727284 0.410417 0.014183 0.024679
0 0.732692 0.596715 0.174038 0.476763
0 0.400841 0.595032 0.321394 0.427885
0 0.465264 0.515865 0.142067 0.243269