6 0.085667 0.384500 0.171000 0.378000
2 0.116500 0.423750 0.110000 0.295000
6 0.282333 0.192375 0.116000 0.196250
2 0.308667 0.208375 0.063333 0.163250
6 0.484083 0.209500 0.100833 0.170500
2 0.467667 0.227250 0.048667 0.137500
6 0.643333 0.238125 0.101000 0.145250
2 0.629250 0.252500 0.062833 0.113000
5 0.494083 0.810375 0.142500 0.109250
5 0.581750 0.855875 0.118167 0.130750
5 0.195417 0.295125 0.069833 0.121250
5 0.393167 0.497750 0.013667 0.077000
5 0.468417 0.483750 0.042833 0.077500
5 0.513833 0.498000 0.049667 0.070500
5 0.592000 0.520750 0.050000 0.089500
5 0.675500 0.489375 0.057000 0.088750
1 0.036917 0.445500 0.052833 0.113000
1 0.268083 0.194250 0.018167 0.053500
1 0.667667 0.264250 0.018333 0.039500
0 0.320750 0.598625 0.641500 0.802750
0 0.462917 0.454625 0.210833 0.659750
0 0.651417 0.476625 0.195500 0.625250
0 0.268667 0.435250 0.215000 0.756000