6 0.637318 0.675572 0.047123 0.094185
2 0.642940 0.687127 0.035880 0.072565
6 0.281581 0.656561 0.060847 0.093439
6 0.496362 0.119284 0.046958 0.107356
2 0.494130 0.135065 0.041171 0.074801
6 0.678985 0.164637 0.052083 0.101143
2 0.672950 0.183027 0.038690 0.064861
6 0.808532 0.472913 0.046627 0.079523
2 0.806052 0.483474 0.034061 0.054423
0 0.599206 0.734841 0.124669 0.530318
0 0.450066 0.385189 0.138889 0.638668
0 0.683366 0.416501 0.114749 0.608350
0 0.770999 0.555293 0.119378 0.246272
5 0.232887 0.446571 0.065972 0.085487
5 0.391369 0.396745 0.020833 0.054920
5 0.555556 0.514662 0.037037 0.092445
5 0.506035 0.418738 0.014054 0.040258
5 0.703538 0.470303 0.028108 0.052932
5 0.800430 0.649727 0.035714 0.040010
1 0.289517 0.655567 0.007275 0.016899
1 0.476521 0.112450 0.006283 0.025596
0 0.277860 0.703529 0.156581 0.592942
0 0.599868 0.730492 0.125992 0.529573