6 0.926833 0.350500 0.115333 0.196500
6 0.661500 0.432250 0.108333 0.160000
6 0.446583 0.462750 0.066500 0.129000
6 0.381917 0.429625 0.049167 0.103750
6 0.267500 0.560625 0.062667 0.110250
2 0.899833 0.380000 0.051000 0.117000
2 0.695833 0.437000 0.034000 0.129500
2 0.439917 0.493125 0.040833 0.055250
2 0.381583 0.441375 0.036833 0.081250
1 0.403583 0.422875 0.005167 0.023750
1 0.361417 0.422625 0.005833 0.024250
1 0.457833 0.475250 0.013667 0.022000
1 0.953750 0.340000 0.026167 0.050500
5 0.900167 0.874875 0.037000 0.064250
5 0.735667 0.677125 0.043333 0.080250
5 0.424417 0.733625 0.041500 0.084250
5 0.362250 0.720750 0.036167 0.033000
5 0.318167 0.684125 0.029333 0.043250
5 0.898000 0.456500 0.052667 0.059500
0 0.920833 0.635375 0.158333 0.729250
0 0.375750 0.645125 0.154833 0.579250
0 0.250583 0.747875 0.163500 0.504250
0 0.417167 0.690875 0.211000 0.612750