2 0.479875 0.545083 0.113750 0.096500
2 0.801375 0.534833 0.111750 0.084000
2 0.708625 0.415750 0.083250 0.073833
2 0.298000 0.359333 0.095000 0.084333
2 0.233875 0.521167 0.108750 0.086000
6 0.718750 0.398333 0.121500 0.126667
6 0.809750 0.517000 0.126000 0.120667
6 0.479875 0.517917 0.154250 0.159167
6 0.283500 0.341417 0.141000 0.118833
6 0.224875 0.502417 0.142250 0.134500
1 0.865250 0.521750 0.024000 0.031500
1 0.541250 0.526333 0.017500 0.031000
1 0.419625 0.533833 0.016250 0.028000
1 0.165875 0.513083 0.029750 0.032167
5 0.195375 0.710250 0.131750 0.054167
5 0.804125 0.686833 0.106750 0.034000
0 0.167250 0.567500 0.334500 0.322667
0 0.284375 0.414750 0.405250 0.287833
0 0.474125 0.577000 0.522750 0.270000
0 0.822500 0.464333 0.355000 0.256667
0 0.852250 0.566500 0.295500 0.214333