6 0.276631 0.624161 0.114581 0.131464
2 0.285444 0.643889 0.095946 0.092680
6 0.462478 0.589070 0.121128 0.120047
2 0.464115 0.613583 0.091665 0.071692
6 0.783430 0.613499 0.151095 0.114842
2 0.750693 0.632052 0.085117 0.079080
5 0.232435 0.849144 0.076555 0.073371
5 0.346512 0.831095 0.047343 0.036938
5 0.695291 0.848556 0.082599 0.050034
5 0.691765 0.837643 0.060438 0.043318
5 0.475447 0.677636 0.065475 0.068838
1 0.514732 0.591336 0.010073 0.029550
1 0.415764 0.604600 0.012591 0.016790
0 0.197557 0.777032 0.392596 0.437206
0 0.491438 0.764271 0.397129 0.469107
0 0.823344 0.776444 0.339713 0.447112