6 0.424500 0.437000 0.011000 0.019333
6 0.495875 0.332500 0.012750 0.019000
6 0.558750 0.337500 0.011500 0.017667
6 0.601500 0.307500 0.011500 0.018333
6 0.645375 0.263500 0.009750 0.019000
6 0.657625 0.300667 0.010750 0.018667
6 0.988500 0.909833 0.016500 0.025667
5 0.484750 0.394333 0.005500 0.011333
5 0.632250 0.305167 0.005000 0.009667
5 0.644000 0.317333 0.006000 0.006667
5 0.650500 0.378667 0.008500 0.009333
5 0.642875 0.296833 0.004750 0.011000
0 0.404125 0.456000 0.050750 0.081333
0 0.497250 0.385500 0.030000 0.122333
0 0.573125 0.362167 0.042250 0.071667
0 0.596875 0.329833 0.036250 0.063000
0 0.640125 0.287333 0.027750 0.071333
0 0.647875 0.335667 0.041750 0.092000