2 0.403693 0.256407 0.129789 0.187160
6 0.401450 0.209034 0.140145 0.283458
2 0.177943 0.213694 0.139800 0.200104
6 0.173714 0.163474 0.159993 0.297437
2 0.887297 0.219001 0.125302 0.222107
6 0.904470 0.165157 0.160338 0.329278
2 0.596479 0.580896 0.135312 0.256278
6 0.605972 0.543878 0.163963 0.331866
1 0.462461 0.185736 0.023300 0.073777
1 0.105627 0.166322 0.021056 0.088273
1 0.672161 0.577660 0.026752 0.087238
1 0.959959 0.180689 0.022782 0.078695
5 0.595530 0.703857 0.085433 0.171887
5 0.846824 0.363060 0.078184 0.150401
0 0.444943 0.461429 0.372454 0.833808
0 0.138160 0.500129 0.275975 0.999741
0 0.886779 0.500129 0.222299 0.999741