6 0.018180 0.236727 0.035995 0.084291
6 0.182807 0.246032 0.129545 0.188287
6 0.509684 0.237548 0.045862 0.093596
6 0.566600 0.272852 0.076375 0.147783
6 0.775169 0.266968 0.134296 0.256431
1 0.813539 0.292146 0.031975 0.068144
1 0.597022 0.280925 0.015531 0.035304
1 0.210031 0.287219 0.025397 0.040230
5 0.084414 0.582923 0.088069 0.078818
5 0.042116 0.507800 0.040745 0.032020
5 0.539741 0.588259 0.036908 0.053366
5 0.658779 0.791872 0.076923 0.087302
5 0.706559 0.852764 0.102686 0.091954
0 0.145989 0.503695 0.291979 0.707991
0 0.552896 0.541872 0.206103 0.685824
0 0.733419 0.562671 0.386991 0.848385
0 0.022109 0.287219 0.044217 0.184182