2 0.282168 0.506971 0.048184 0.077365
2 0.400164 0.491662 0.042526 0.075724
2 0.521811 0.363040 0.060595 0.124112
2 0.765377 0.361810 0.046541 0.134773
6 0.276967 0.484281 0.065523 0.124932
6 0.394415 0.465965 0.060595 0.126572
6 0.524640 0.335429 0.086330 0.179880
6 0.794579 0.337479 0.103486 0.185621
5 0.322139 0.693138 0.053294 0.057682
5 0.431374 0.650629 0.034495 0.042100
5 0.599379 0.581739 0.062055 0.100055
5 0.632323 0.531165 0.053842 0.062876
5 0.822504 0.660334 0.051287 0.071897
1 0.550283 0.351422 0.015696 0.039639
0 0.763643 0.623701 0.314291 0.752597
0 0.487315 0.623838 0.384377 0.752324
0 0.251780 0.711181 0.203504 0.577638
0 0.405640 0.701886 0.152400 0.596227