6 0.455804 0.466369 0.075446 0.069940
6 0.860714 0.437426 0.076786 0.058780
4 0.456808 0.446205 0.085491 0.036458
4 0.853237 0.423214 0.097098 0.024405
3 0.786942 0.623958 0.045759 0.031548
3 0.462388 0.648735 0.045313 0.037649
3 0.569196 0.559226 0.045982 0.030357
3 0.769420 0.657812 0.029464 0.045982
2 0.473326 0.483631 0.042187 0.029167
2 0.836049 0.449851 0.022545 0.033929
1 0.847545 0.447619 0.009375 0.015476
1 0.443415 0.484821 0.012277 0.013095
0 0.498437 0.599330 0.221429 0.344792
0 0.862946 0.516890 0.221875 0.214137