0 0.361081 0.474012 0.180348 0.331716
1 0.340367 0.401363 0.013861 0.035343
1 0.104959 0.417533 0.023564 0.046893
1 0.695210 0.492954 0.007085 0.018942
6 0.668258 0.469739 0.072078 0.129591
6 0.924842 0.480018 0.150316 0.263802
6 0.375019 0.402749 0.070846 0.137445
6 0.095641 0.351698 0.191283 0.350427
2 0.376790 0.409794 0.062991 0.118734
2 0.667026 0.484407 0.056984 0.097482
2 0.870938 0.516055 0.034807 0.149688
2 0.124211 0.438323 0.092253 0.131901
5 0.311335 0.624971 0.020792 0.035343
0 0.656091 0.509009 0.164793 0.249249
0 0.898583 0.678910 0.202834 0.642181