2 0.465760 0.217207 0.084298 0.140175
6 0.458526 0.188786 0.098765 0.198045
6 0.847029 0.229038 0.212191 0.284722
6 0.041956 0.444702 0.083526 0.426955
1 0.420621 0.222094 0.020255 0.045525
1 0.805459 0.235082 0.020640 0.078189
1 0.017265 0.420525 0.034144 0.105967
5 0.564236 0.554398 0.089120 0.125257
5 0.613329 0.635545 0.109375 0.070988
5 0.367188 0.439686 0.049961 0.067130
5 0.249807 0.786265 0.077546 0.118313
5 0.136574 0.860468 0.103781 0.101595
0 0.461613 0.331404 0.253472 0.488426
0 0.730517 0.542052 0.447917 0.915895
0 0.154610 0.608796 0.308835 0.781893