6 0.337750 0.325333 0.011000 0.011333
6 0.294000 0.322083 0.010000 0.011833
6 0.375250 0.330167 0.012000 0.010000
6 0.410875 0.219917 0.011250 0.013500
6 0.370750 0.222667 0.010500 0.010667
6 0.329250 0.215417 0.012000 0.014833
2 0.331500 0.217167 0.007000 0.010667
2 0.372000 0.223667 0.007000 0.008667
2 0.408750 0.221583 0.007500 0.009833
2 0.372625 0.331000 0.006750 0.009000
2 0.336375 0.327083 0.008750 0.008167
2 0.295125 0.324417 0.007250 0.008167
6 0.519875 0.251250 0.022250 0.023167
2 0.521250 0.256250 0.015000 0.013833
6 0.577250 0.250417 0.020500 0.022500
2 0.573750 0.253250 0.012000 0.015833
6 0.496125 0.338833 0.012250 0.017000
2 0.495500 0.341083 0.008500 0.011833
6 0.536250 0.342000 0.016500 0.014333
2 0.531875 0.343667 0.008750 0.011000
5 0.515125 0.357000 0.007250 0.007667
5 0.534625 0.366250 0.008250 0.006167
5 0.486625 0.357083 0.010750 0.008167
5 0.534875 0.282083 0.012750 0.008833
5 0.550875 0.278917 0.011250 0.008500
5 0.323250 0.334167 0.006500 0.005000
5 0.281250 0.345250 0.006000 0.006833
5 0.354500 0.251000 0.003500 0.005000
5 0.395875 0.251417 0.005250 0.008167
5 0.411375 0.256500 0.007750 0.009333
0 0.322750 0.239500 0.036000 0.069667
0 0.331000 0.340417 0.036500 0.044500
0 0.513500 0.268833 0.055500 0.057667
0 0.363125 0.247917 0.028750 0.064833
0 0.370125 0.346250 0.038250 0.044167
0 0.519875 0.362417 0.074750 0.055833
0 0.573125 0.270500 0.054250 0.067333
0 0.479000 0.360083 0.070000 0.058500
0 0.407125 0.247500 0.030250 0.071667
0 0.290125 0.342750 0.034750 0.047167
1 0.580625 0.250750 0.003250 0.005167
1 0.515375 0.251417 0.004250 0.006500
1 0.413750 0.221500 0.003000 0.005000
1 0.326125 0.216417 0.002750 0.005500