6 0.509316 0.202331 0.060613 0.111582
6 0.345519 0.183616 0.066981 0.140537
6 0.812972 0.216455 0.089151 0.174435
2 0.803538 0.266066 0.038208 0.063206
1 0.825472 0.235169 0.018396 0.034605
1 0.488561 0.201977 0.011557 0.026836
3 0.729481 0.476342 0.045755 0.038842
3 0.731250 0.514477 0.030896 0.050141
3 0.328302 0.452507 0.033019 0.052613
3 0.361203 0.442090 0.031840 0.039548
3 0.516627 0.396893 0.033726 0.048023
3 0.552241 0.371999 0.026179 0.040607
3 0.070283 0.278425 0.011792 0.016596
3 0.022642 0.298199 0.016509 0.025777
4 0.347288 0.175847 0.065330 0.103107
4 0.512146 0.186970 0.048349 0.088630
4 0.040448 0.192797 0.027123 0.035311
4 0.262264 0.195268 0.026415 0.052260
4 0.812500 0.185381 0.087264 0.120763