2 0.529966 0.351754 0.078012 0.175735
2 0.288532 0.233555 0.077886 0.198673
2 0.823935 0.287962 0.096978 0.219147
6 0.516880 0.339336 0.132002 0.200190
6 0.663548 0.403886 0.048047 0.089289
6 0.846567 0.253649 0.153370 0.289289
6 0.238463 0.218673 0.179289 0.231090
1 0.479264 0.361611 0.020357 0.041137
1 0.236376 0.204834 0.027437 0.070332
1 0.880263 0.260095 0.029839 0.071659
5 0.252307 0.596682 0.080035 0.176872
5 0.507650 0.819431 0.060185 0.091564
5 0.600455 0.793270 0.049311 0.090427
5 0.757871 0.642844 0.038943 0.124739
5 0.779618 0.682938 0.032621 0.091185
0 0.517701 0.619905 0.253003 0.760190
0 0.170755 0.558294 0.319509 0.883412
0 0.869326 0.424455 0.261348 0.610047
0 0.708813 0.436209 0.140094 0.155829