6 0.271508 0.467303 0.027971 0.043981
6 0.191069 0.430990 0.008681 0.011863
6 0.217593 0.451823 0.006559 0.013021
6 0.229167 0.441551 0.009259 0.011574
6 0.250868 0.442419 0.006752 0.012153
6 0.378569 0.451389 0.014082 0.027199
6 0.572531 0.459346 0.015818 0.030961
6 0.677951 0.456019 0.019097 0.040509
6 0.699460 0.464554 0.016590 0.027488
6 0.764468 0.463108 0.020062 0.039641
6 0.866127 0.398438 0.034336 0.063657
2 0.217689 0.452257 0.005208 0.009838
2 0.190683 0.431713 0.005980 0.009259
2 0.250965 0.444010 0.005015 0.008970
2 0.571373 0.459491 0.010417 0.021991
2 0.675637 0.463686 0.013310 0.023438
2 0.766107 0.468605 0.014853 0.025752
6 0.284529 0.444155 0.008873 0.015046
1 0.850791 0.404803 0.004051 0.021412
1 0.281057 0.472222 0.004630 0.014468
5 0.306327 0.613281 0.011574 0.020544
5 0.647569 0.559462 0.016590 0.019965
5 0.719811 0.575231 0.012539 0.021991
3 0.743924 0.557002 0.014853 0.031829
3 0.789255 0.554398 0.012153 0.023727
0 0.867284 0.474971 0.097994 0.217303
0 0.763792 0.554253 0.064622 0.232928
0 0.584298 0.527488 0.047068 0.174769
0 0.683642 0.563368 0.085648 0.258681
3 0.141300 0.438657 0.010610 0.028356
3 0.136767 0.441551 0.012346 0.034144
3 0.121046 0.437934 0.012153 0.032697
0 0.272666 0.615017 0.081211 0.344039
0 0.217207 0.466291 0.018133 0.041377
0 0.191937 0.439091 0.015818 0.022859
0 0.200617 0.475405 0.025849 0.031250
0 0.229263 0.457031 0.016011 0.043113
0 0.249904 0.460503 0.019097 0.040220
0 0.287230 0.466580 0.015046 0.056424
0 0.371431 0.499421 0.028742 0.125000
0 0.358121 0.513600 0.022184 0.116898