6 0.735197 0.465186 0.103070 0.182566
2 0.720486 0.517133 0.072917 0.080318
6 0.603618 0.421875 0.101974 0.193531
2 0.601334 0.473684 0.073648 0.088268
1 0.689236 0.465186 0.016630 0.036184
1 0.590826 0.431606 0.014620 0.021107
5 0.683480 0.851014 0.064693 0.043586
5 0.729898 0.848821 0.057018 0.034814
3 0.177175 0.728755 0.184393 0.303454
3 0.260143 0.055373 0.137975 0.103618
3 0.667215 0.862253 0.036184 0.038651
0 0.465735 0.567708 0.412098 0.481908
0 0.674890 0.623629 0.223684 0.498355
0 0.541849 0.500137 0.916301 0.999726