6 0.494836 0.282719 0.242165 0.466079
6 0.314192 0.531784 0.025819 0.052350
6 0.285167 0.532585 0.024395 0.040598
6 0.241809 0.548344 0.023148 0.043803
6 0.411859 0.538595 0.022792 0.038194
6 0.356838 0.538595 0.014601 0.022169
1 0.576567 0.261752 0.052707 0.133547
3 0.774751 0.575721 0.197650 0.301015
3 0.916578 0.554087 0.166845 0.388622
0 0.513533 0.523237 0.640670 0.953526
0 0.284010 0.649172 0.117877 0.288729
0 0.238960 0.636218 0.136752 0.248397
0 0.217415 0.635684 0.090100 0.212607
0 0.354612 0.559963 0.025463 0.069712
0 0.384972 0.609776 0.086895 0.186966
0 0.181802 0.629006 0.078348 0.185897