2 0.311856 0.236089 0.091914 0.161481
6 0.307995 0.192255 0.112053 0.244152
2 0.527105 0.539519 0.087220 0.155122
6 0.551257 0.516466 0.134918 0.256189
2 0.676181 0.341245 0.108873 0.175562
6 0.679134 0.296502 0.114779 0.268680
1 0.260448 0.207359 0.018171 0.053146
1 0.358041 0.179537 0.008631 0.030661
1 0.723047 0.306950 0.021805 0.061549
1 0.581390 0.578696 0.036190 0.049057
5 0.218655 0.894050 0.062084 0.128322
0 0.729785 0.611969 0.223349 0.776062
0 0.287099 0.507268 0.267717 0.892346
0 0.489249 0.680899 0.345851 0.581876