2 0.204333 0.157125 0.079667 0.162250
2 0.525333 0.061875 0.099000 0.123750
2 0.855833 0.102750 0.140000 0.205500
6 0.884083 0.103750 0.198833 0.207500
6 0.542333 0.068125 0.135000 0.136250
6 0.212583 0.122000 0.122500 0.244000
1 0.943833 0.037250 0.036667 0.074500
1 0.579250 0.024625 0.024833 0.049250
1 0.254000 0.156000 0.017667 0.036500
1 0.161167 0.128125 0.014667 0.046250
5 0.419917 0.359750 0.061500 0.120000
5 0.181417 0.399625 0.097833 0.081250
5 0.106417 0.413500 0.061500 0.063000
5 0.165667 0.910250 0.160000 0.164000
5 0.100417 0.899000 0.077167 0.108000
0 0.572667 0.229000 0.354667 0.458000
0 0.188500 0.222250 0.368333 0.444500
0 0.859333 0.454500 0.273333 0.909000