0 0.676029 0.574602 0.295884 0.344049
0 0.421879 0.600531 0.297476 0.368006
0 0.265977 0.741547 0.526950 0.493859
0 0.877530 0.574223 0.244940 0.322062
2 0.444735 0.502805 0.083466 0.067020
6 0.466796 0.476725 0.138049 0.121001
2 0.695360 0.458378 0.080737 0.076118
6 0.688424 0.449659 0.109165 0.094466
2 0.846373 0.477028 0.075279 0.069447
6 0.849443 0.464064 0.095520 0.100227
2 0.283375 0.581653 0.082329 0.114936
6 0.256197 0.567248 0.149875 0.143745
1 0.804981 0.464064 0.007050 0.018650
1 0.646122 0.445186 0.016830 0.027900
5 0.463384 0.695679 0.083466 0.052161
5 0.534796 0.683321 0.057994 0.036240
5 0.588924 0.716528 0.053900 0.058984
5 0.475438 0.798560 0.099841 0.053222
5 0.816579 0.631994 0.045258 0.040637
5 0.902320 0.662547 0.063907 0.041698
5 0.961337 0.862851 0.077325 0.062320