6 0.138667 0.393625 0.092333 0.197250
2 0.145667 0.421000 0.079000 0.142000
6 0.285000 0.413750 0.077333 0.166500
2 0.281917 0.442750 0.063500 0.109500
6 0.516167 0.431000 0.086000 0.175500
2 0.525750 0.459375 0.064500 0.118750
6 0.694583 0.418750 0.089167 0.186000
2 0.693500 0.439375 0.075333 0.142750
6 0.775500 0.550250 0.066333 0.382500
2 0.758917 0.481875 0.033167 0.112750
6 0.829000 0.480500 0.115000 0.238500
2 0.804333 0.519000 0.065667 0.163000
5 0.197000 0.669500 0.064333 0.092500
5 0.224333 0.735750 0.047667 0.072500
5 0.286000 0.689000 0.044000 0.053500
5 0.312250 0.676125 0.047167 0.066250
5 0.570667 0.614375 0.072333 0.057750
5 0.544417 0.705125 0.071833 0.055750
5 0.679333 0.670375 0.043333 0.061750
5 0.661667 0.717125 0.090000 0.051250
5 0.708333 0.769750 0.074667 0.093500
5 0.734917 0.706750 0.053167 0.060000
1 0.102500 0.403750 0.016000 0.047000
1 0.317333 0.418625 0.009333 0.038750
1 0.838417 0.494375 0.019833 0.061750
1 0.733500 0.415000 0.010667 0.042500
0 0.301917 0.659250 0.182167 0.681500
0 0.500667 0.670625 0.303000 0.658750
0 0.786417 0.598875 0.230833 0.476750
0 0.735917 0.530125 0.238500 0.426750
0 0.689917 0.514500 0.137167 0.378000
0 0.128167 0.642625 0.240000 0.698250