6 0.671758 0.539901 0.089756 0.139124
6 0.451245 0.532133 0.062735 0.099576
6 0.272204 0.532133 0.064145 0.094633
6 0.224977 0.498234 0.047227 0.077684
6 0.145794 0.529661 0.043938 0.072740
3 0.391095 0.812323 0.022791 0.058969
4 0.449601 0.508475 0.075893 0.062147
4 0.272086 0.516596 0.072368 0.066384
4 0.222862 0.481992 0.049107 0.052260
4 0.146734 0.517655 0.042058 0.060734
4 0.665531 0.516949 0.097039 0.103107
7 0.672110 0.826977 0.200423 0.346045
7 0.973919 0.790078 0.052162 0.356992
7 0.457119 0.703037 0.113487 0.216808
7 0.261631 0.711688 0.122885 0.243291
7 0.126175 0.626589 0.087406 0.148658