6 0.794167 0.396375 0.097667 0.079250
6 0.652333 0.339750 0.085333 0.060500
6 0.226333 0.126000 0.070667 0.077000
5 0.175000 0.225000 0.034667 0.032000
5 0.745167 0.560875 0.055667 0.043750
5 0.721500 0.545875 0.035000 0.030750
5 0.370667 0.816750 0.050000 0.053500
5 0.513667 0.852125 0.053333 0.051250
5 0.199667 0.329625 0.028000 0.049250
2 0.785500 0.419375 0.037667 0.035250
1 0.212167 0.122500 0.016333 0.022500
0 0.492333 0.851750 0.298667 0.296500
0 0.608833 0.533625 0.271000 0.464250
0 0.858833 0.556125 0.282333 0.412750
0 0.168500 0.304000 0.215000 0.421000
0 0.782667 0.833000 0.250000 0.290000
0 0.777167 0.872500 0.125000 0.192000