2 0.436689 0.521304 0.061749 0.050136
6 0.432484 0.513295 0.071600 0.065513
2 0.405214 0.613888 0.074243 0.058465
6 0.395843 0.601794 0.092023 0.082653
6 0.320639 0.650649 0.110764 0.101554
2 0.254926 0.524588 0.096108 0.057985
6 0.257929 0.505847 0.102595 0.095467
1 0.231860 0.507128 0.024507 0.024668
1 0.327727 0.679241 0.017780 0.026109
1 0.363407 0.606279 0.015617 0.020823
1 0.402451 0.515137 0.011533 0.018260
5 0.429601 0.817476 0.066795 0.046292
5 0.378304 0.812590 0.062710 0.024668
5 0.456391 0.733622 0.066074 0.040045
5 0.435968 0.640798 0.066074 0.042768
5 0.558145 0.684366 0.062951 0.018741
0 0.421312 0.586817 0.336136 0.213519
0 0.421072 0.668188 0.186209 0.219286
0 0.196420 0.690613 0.258770 0.467243