6 0.432499 0.329491 0.040408 0.070350
6 0.512586 0.322933 0.042925 0.072734
2 0.507088 0.341216 0.023980 0.033386
2 0.438924 0.347576 0.024907 0.037758
1 0.520800 0.336645 0.006889 0.012719
1 0.425278 0.339428 0.007154 0.016693
5 0.558029 0.502285 0.015633 0.035970
5 0.473437 0.507750 0.012056 0.036566
5 0.394144 0.433426 0.021198 0.030604
5 0.467740 0.454988 0.016826 0.018879
0 0.522854 0.482413 0.112215 0.401630
0 0.425212 0.495727 0.103471 0.406399
7 0.515964 0.423291 0.067170 0.157393
7 0.428060 0.423788 0.080286 0.134539
4 0.509473 0.307731 0.044648 0.043521
4 0.434685 0.313593 0.047695 0.039746
3 0.479928 0.495131 0.015501 0.041932
3 0.403021 0.497715 0.020668 0.030008