2 0.310500 0.473625 0.083667 0.075250
6 0.312417 0.425250 0.087833 0.171000
6 0.558667 0.189000 0.099000 0.148500
6 0.816667 0.124125 0.069667 0.153250
6 0.668417 0.201375 0.077500 0.101250
6 0.719417 0.192625 0.040167 0.082750
6 0.764167 0.176750 0.039333 0.070500
6 0.067333 0.096750 0.038667 0.080000
6 0.014917 0.127000 0.029833 0.105000
6 0.132500 0.162875 0.041667 0.065750
6 0.240333 0.114875 0.031333 0.056250
6 0.292917 0.124375 0.030167 0.054250
6 0.337583 0.134375 0.033833 0.072750
6 0.457167 0.135000 0.053667 0.070000
6 0.171417 0.214000 0.040833 0.078500
6 0.226917 0.204500 0.047833 0.080500
6 0.745917 0.056125 0.044833 0.064250
6 0.636667 0.157875 0.053000 0.069750
6 0.670750 0.125875 0.030167 0.030250
6 0.578750 0.138375 0.077167 0.072250
1 0.786750 0.128125 0.010167 0.041250
1 0.842250 0.136000 0.007500 0.025500
5 0.287250 0.787625 0.042167 0.104750
0 0.378667 0.549375 0.267667 0.583750
0 0.926500 0.450875 0.147000 0.899750
0 0.827500 0.196125 0.118667 0.296750
0 0.694500 0.285625 0.127000 0.272250
0 0.026500 0.280875 0.053000 0.412250
0 0.066500 0.258500 0.100000 0.402000
0 0.128250 0.218375 0.080167 0.178250
0 0.171583 0.226750 0.041167 0.101500
0 0.227500 0.168875 0.069667 0.181250
0 0.221500 0.359875 0.093333 0.402750
0 0.282667 0.164125 0.063667 0.140250
0 0.331333 0.178625 0.095333 0.168750
0 0.447333 0.199125 0.091333 0.202250
0 0.575083 0.319750 0.137833 0.407500
0 0.743833 0.082625 0.087333 0.135750