2 0.404976 0.248016 0.055643 0.106377
6 0.407524 0.247135 0.064655 0.114017
2 0.698472 0.274170 0.076019 0.199824
6 0.656838 0.255363 0.158895 0.236262
2 0.775176 0.333529 0.016262 0.040552
6 0.763519 0.326036 0.039969 0.056715
2 0.889009 0.318396 0.027625 0.059653
6 0.895866 0.313400 0.041732 0.069057
2 0.945533 0.207905 0.101881 0.210109
6 0.945337 0.182045 0.109326 0.264766
6 0.322590 0.353071 0.091889 0.160153
5 0.424275 0.425507 0.078958 0.088158
5 0.448668 0.544960 0.065047 0.076697
5 0.793887 0.543785 0.015674 0.036732
5 0.851097 0.437114 0.020376 0.044960
0 0.452390 0.594475 0.196708 0.811049
0 0.652136 0.567294 0.294083 0.865413
0 0.769201 0.497208 0.070533 0.401411
0 0.882249 0.368792 0.086599 0.181017
0 0.898413 0.528357 0.176136 0.943285
0 0.335815 0.632824 0.194749 0.734352