6 0.231111 0.199587 0.085585 0.157486
2 0.240333 0.213055 0.062935 0.130066
6 0.436014 0.238898 0.070215 0.116234
2 0.445640 0.255642 0.051610 0.079835
6 0.781589 0.170104 0.108397 0.208687
2 0.759343 0.191701 0.063906 0.163067
5 0.207005 0.580927 0.077172 0.094637
1 0.201747 0.206625 0.013914 0.036642
1 0.414901 0.256734 0.010516 0.021839
1 0.799547 0.161611 0.016179 0.043679
5 0.293318 0.573769 0.052419 0.068187
5 0.383514 0.476341 0.037696 0.060180
5 0.497654 0.485076 0.054684 0.076195
5 0.691150 0.345669 0.047889 0.118175
0 0.203931 0.560058 0.231840 0.879884
0 0.459553 0.584567 0.190422 0.829896
0 0.809820 0.532395 0.285552 0.935210