2 0.749167 0.376125 0.026000 0.046250
6 0.750167 0.361750 0.042667 0.077000
2 0.846167 0.398625 0.033333 0.053250
6 0.848167 0.381125 0.046667 0.086750
1 0.866250 0.383625 0.007833 0.019250
1 0.733667 0.366500 0.005667 0.019000
5 0.705250 0.600125 0.018167 0.039750
5 0.779417 0.540750 0.026500 0.040000
3 0.808000 0.604125 0.019333 0.046250
3 0.915750 0.601250 0.023833 0.053500
4 0.750083 0.341125 0.042833 0.042750
4 0.847083 0.360875 0.052500 0.045750
0 0.861917 0.590875 0.128167 0.505750
0 0.754417 0.583625 0.117500 0.522750