6 0.455750 0.292083 0.115000 0.100500
6 0.693000 0.247917 0.126000 0.113833
2 0.689000 0.261750 0.100500 0.073833
2 0.450625 0.305500 0.089750 0.073333
1 0.747375 0.256000 0.016250 0.029667
1 0.635625 0.255250 0.008250 0.023500
1 0.405250 0.307667 0.009000 0.020000
1 0.504500 0.301917 0.017000 0.029500
5 0.751875 0.621500 0.062250 0.082333
5 0.590125 0.601417 0.031750 0.063833
5 0.554375 0.619167 0.052750 0.070333
5 0.314750 0.602750 0.061500 0.064167
0 0.440625 0.596417 0.360250 0.715833
0 0.700250 0.574083 0.248000 0.769833