2 0.476854 0.301284 0.092582 0.080603
6 0.480061 0.279133 0.126882 0.123418
2 0.246933 0.394639 0.041550 0.054356
6 0.225181 0.386914 0.085053 0.069806
2 0.337423 0.370812 0.029559 0.042815
6 0.316788 0.364669 0.073062 0.053239
2 0.689069 0.398455 0.020636 0.037789
6 0.714306 0.387844 0.072783 0.059754
6 0.638595 0.363645 0.058003 0.052308
0 0.475600 0.599963 0.433631 0.762472
0 0.241216 0.514054 0.235917 0.332278
0 0.296012 0.396966 0.112381 0.125279
0 0.682376 0.509773 0.237591 0.299888
1 0.533463 0.286020 0.020636 0.028481
1 0.218349 0.400130 0.014501 0.015823
1 0.654769 0.371835 0.012828 0.015450
5 0.446180 0.475521 0.078081 0.043745
5 0.489961 0.484084 0.046849 0.037789
5 0.284858 0.457651 0.039320 0.024386