2 0.318652 0.546586 0.039770 0.106236
6 0.300822 0.530811 0.075431 0.136801
2 0.482991 0.400542 0.053903 0.092679
6 0.477896 0.367636 0.066064 0.165393
2 0.689729 0.409293 0.071323 0.088982
6 0.693098 0.374291 0.079047 0.159477
1 0.452917 0.391792 0.013476 0.033276
1 0.725719 0.376263 0.013147 0.037220
5 0.379211 0.772492 0.052424 0.045847
5 0.342728 0.745625 0.018570 0.018240
5 0.675678 0.748583 0.037305 0.073453
0 0.431882 0.520335 0.213640 0.470791
0 0.271569 0.635445 0.269351 0.347054
0 0.753081 0.632610 0.259819 0.680552
6 0.273706 0.386739 0.042892 0.084792
6 0.227280 0.385753 0.044371 0.086764
2 0.265900 0.408183 0.037141 0.054720
0 0.232293 0.433448 0.067214 0.180182
0 0.317338 0.434558 0.140016 0.167119