2 0.235947 0.422810 0.102706 0.093615
6 0.215244 0.404920 0.144113 0.130938
2 0.501272 0.317859 0.076336 0.067242
6 0.496877 0.307526 0.091140 0.089451
2 0.822461 0.500386 0.056211 0.134331
6 0.897409 0.467535 0.205182 0.203424
0 0.501272 0.433914 0.297016 0.336058
0 0.229586 0.495373 0.364793 0.314312
0 0.720564 0.683374 0.558871 0.633251
1 0.852417 0.516888 0.034235 0.049506
5 0.329979 0.610117 0.102938 0.050895
5 0.344552 0.580043 0.066389 0.066626
5 0.476405 0.484732 0.046958 0.034238
5 0.689452 0.674969 0.101550 0.056292
2 0.098543 0.363356 0.028684 0.028686
6 0.087092 0.360271 0.053435 0.045034
0 0.072288 0.389035 0.081656 0.102252