6 0.277740 0.496264 0.171419 0.226230
6 0.223291 0.438031 0.133631 0.272095
6 0.510392 0.568153 0.130711 0.204071
6 0.722346 0.561840 0.217623 0.283174
1 0.232652 0.561324 0.025249 0.054883
1 0.160855 0.450915 0.009790 0.049987
1 0.556338 0.617109 0.021642 0.045349
5 0.588887 0.715408 0.056166 0.192476
5 0.082360 0.204586 0.164377 0.267457
0 0.237719 0.523448 0.475094 0.953105
0 0.780058 0.709096 0.331673 0.581809
0 0.520611 0.734089 0.243902 0.531822
0 0.162229 0.651121 0.255411 0.697758
0 0.472518 0.483509 0.104088 0.305334
6 0.479818 0.395774 0.066128 0.117495