6 0.440004 0.414166 0.060285 0.088575
6 0.274750 0.178304 0.060285 0.105597
6 0.605451 0.230958 0.048344 0.097230
6 0.742681 0.162291 0.058552 0.108194
2 0.734495 0.174841 0.038713 0.077900
2 0.597072 0.235574 0.028505 0.077034
2 0.442893 0.421812 0.035632 0.066359
2 0.275135 0.182920 0.043721 0.085401
1 0.300462 0.188979 0.009630 0.023658
1 0.252311 0.185949 0.005778 0.027409
1 0.422958 0.427871 0.004237 0.020196
1 0.761267 0.155366 0.009438 0.027986
5 0.431240 0.491200 0.020416 0.047605
5 0.338694 0.481246 0.019838 0.046163
5 0.404468 0.654068 0.031972 0.057126
5 0.621918 0.423832 0.031202 0.040969
5 0.584361 0.335401 0.029276 0.034911
5 0.684900 0.339008 0.018105 0.035776
5 0.705508 0.349250 0.040447 0.039527
5 0.263001 0.245817 0.036787 0.064051
0 0.261845 0.519331 0.183552 0.804385
0 0.612577 0.513993 0.125385 0.672533
0 0.744029 0.492210 0.142912 0.793422
0 0.408609 0.678304 0.176618 0.643393