6 0.379000 0.153543 0.136000 0.273341
6 0.713125 0.256468 0.132250 0.256468
2 0.386750 0.179603 0.099000 0.202475
2 0.713750 0.277465 0.108500 0.194976
1 0.771500 0.258718 0.019000 0.068241
1 0.325125 0.189914 0.023250 0.065617
1 0.441500 0.185602 0.017000 0.064492
5 0.700625 0.843457 0.099750 0.110611
5 0.740875 0.834271 0.116750 0.094488
5 0.494375 0.710536 0.117750 0.129734
7 0.384000 0.624484 0.275000 0.620547
7 0.732125 0.685602 0.286750 0.628796
0 0.733500 0.552493 0.349500 0.895013
0 0.389875 0.508436 0.361750 0.983127