6 0.310047 0.498863 0.147299 0.129534
6 0.655166 0.486668 0.134218 0.144067
2 0.663602 0.505750 0.116209 0.088968
2 0.311564 0.521610 0.111659 0.079995
1 0.729953 0.490269 0.023697 0.033995
1 0.372796 0.517124 0.019147 0.026286
1 0.251754 0.517692 0.015166 0.025907
5 0.468152 0.874889 0.079052 0.064198
5 0.119242 0.862126 0.063318 0.065462
3 0.608910 0.810754 0.105403 0.088336
3 0.701422 0.802287 0.147867 0.073929
0 0.295355 0.702578 0.419336 0.561228
0 0.701232 0.700746 0.393555 0.567168
7 0.316588 0.694680 0.305592 0.296474
4 0.660284 0.447049 0.161137 0.064830
4 0.316114 0.463162 0.157915 0.089473