2 0.564250 0.249125 0.182500 0.358250
6 0.571083 0.221500 0.258833 0.413500
2 0.363333 0.137625 0.079333 0.124750
6 0.368083 0.105750 0.096167 0.193000
2 0.186167 0.186125 0.066000 0.133250
6 0.180833 0.164750 0.093000 0.177500
1 0.662833 0.246250 0.025667 0.094500
1 0.071750 0.696125 0.024500 0.060250
6 0.147250 0.599875 0.202167 0.319250
5 0.549250 0.815125 0.115500 0.180750
5 0.155000 0.406750 0.046667 0.065000
5 0.429917 0.967750 0.095167 0.064500
0 0.536083 0.499750 0.540167 0.994000
0 0.158917 0.298875 0.204833 0.493750
0 0.369000 0.280125 0.175000 0.558250
0 0.141583 0.721250 0.264500 0.557500