2 0.588244 0.276001 0.106341 0.087355
6 0.582772 0.254396 0.133558 0.132061
6 0.101571 0.451740 0.202581 0.263000
2 0.247615 0.502151 0.090067 0.111298
6 0.240460 0.482043 0.103816 0.149645
1 0.110129 0.470445 0.045174 0.077067
1 0.525533 0.261410 0.019080 0.030116
5 0.482884 0.818930 0.175084 0.083427
5 0.640152 0.677329 0.115881 0.069211
5 0.423401 0.525346 0.093154 0.074635
5 0.794332 0.522073 0.076319 0.025440
5 0.910073 0.716423 0.110831 0.072204
5 0.502946 0.904789 0.153479 0.133558
0 0.597643 0.441358 0.485971 0.507856
0 0.387205 0.652170 0.630752 0.493266
0 0.292088 0.657688 0.583614 0.678264
0 0.927189 0.680509 0.145623 0.146652