6 0.133723 0.300178 0.053354 0.095783
2 0.140667 0.312119 0.037432 0.070884
6 0.567497 0.103659 0.028625 0.045732
6 0.853320 0.276677 0.063686 0.073171
2 0.870427 0.279599 0.028794 0.067327
5 0.074272 0.442454 0.034383 0.032266
5 0.122629 0.529345 0.033537 0.043445
5 0.595952 0.127287 0.016768 0.027439
5 0.532351 0.345020 0.015921 0.034553
5 0.943852 0.118775 0.016768 0.060722
5 0.832995 0.566057 0.024051 0.045224
0 0.125169 0.575965 0.165312 0.648374
0 0.881860 0.465955 0.141430 0.754573
0 0.576897 0.311357 0.103997 0.460112
1 0.117971 0.303481 0.006944 0.022104
1 0.554624 0.113821 0.003896 0.012703
1 0.580539 0.115218 0.003218 0.012957