6 0.621289 0.480339 0.059375 0.102344
6 0.287598 0.391797 0.050977 0.079948
5 0.575684 0.700781 0.020117 0.035417
5 0.614844 0.727865 0.037109 0.051042
5 0.263086 0.663151 0.025781 0.042448
5 0.755371 0.519922 0.020117 0.034115
5 0.729395 0.490104 0.020117 0.021354
5 0.658984 0.376563 0.016406 0.020833
5 0.644141 0.398047 0.010547 0.019010
5 0.336816 0.398698 0.011133 0.028646
2 0.610645 0.505078 0.036133 0.049219
2 0.666406 0.299089 0.019922 0.026302
2 0.801074 0.418490 0.024023 0.033854
2 0.303613 0.412500 0.015430 0.039062
2 0.316406 0.323177 0.019141 0.032292
1 0.631445 0.497266 0.011719 0.023177
1 0.291406 0.405859 0.012109 0.023177
0 0.640820 0.648177 0.156641 0.442708
0 0.285938 0.568880 0.107813 0.424740
0 0.774023 0.538672 0.137891 0.320573
0 0.667090 0.356641 0.079102 0.225260
0 0.316602 0.422656 0.090234 0.257812
0 0.403223 0.313542 0.062695 0.184896
0 0.456836 0.337370 0.066406 0.210677