6 0.077333 0.516500 0.154333 0.271500
2 0.096917 0.537375 0.112167 0.227250
6 0.460000 0.312250 0.098333 0.181000
2 0.472417 0.326500 0.073500 0.151500
6 0.710500 0.378375 0.119000 0.203750
6 0.875750 0.622000 0.239833 0.412500
5 0.322000 0.404750 0.093333 0.165500
5 0.484167 0.739625 0.037333 0.079750
5 0.643917 0.771250 0.055500 0.079000
5 0.607917 0.920750 0.080833 0.144500
5 0.807083 0.847500 0.035833 0.060500
5 0.579417 0.234625 0.041167 0.161750
1 0.030167 0.601625 0.045000 0.062750
1 0.739083 0.426500 0.027167 0.057000
1 0.806000 0.660875 0.027000 0.098750
0 0.189917 0.660750 0.379500 0.678500
0 0.783500 0.707500 0.433000 0.585000
0 0.475750 0.500875 0.203167 0.560750
0 0.689917 0.554375 0.258167 0.801750