2 0.164626 0.321258 0.048138 0.109182
2 0.323968 0.353459 0.032372 0.088553
2 0.708990 0.354088 0.028849 0.066164
2 0.826988 0.293459 0.047803 0.115472
6 0.143408 0.305283 0.092586 0.143648
6 0.312395 0.346038 0.056860 0.107421
6 0.722744 0.338616 0.057363 0.096604
6 0.855502 0.280881 0.107514 0.150189
5 0.276501 0.512579 0.042435 0.066164
5 0.276920 0.508931 0.041932 0.059874
5 0.363049 0.489182 0.045119 0.050566
5 0.368249 0.487296 0.038745 0.047296
5 0.712429 0.529434 0.051493 0.047547
5 0.696411 0.510440 0.045287 0.042264
0 0.811557 0.602767 0.304428 0.794465
0 0.311305 0.402390 0.153975 0.240755
0 0.264592 0.611698 0.350721 0.756981
0 0.676451 0.547421 0.202281 0.519245