2 0.683370 0.254821 0.119502 0.185592
6 0.695421 0.218131 0.153645 0.260578
2 0.297148 0.216926 0.091384 0.222282
6 0.264411 0.170327 0.159671 0.313873
1 0.237096 0.224290 0.030729 0.079004
1 0.749950 0.228441 0.021289 0.070702
5 0.387528 0.851232 0.139185 0.112212
5 0.385620 0.754553 0.089175 0.091859
5 0.854790 0.553294 0.076722 0.137118
5 0.926893 0.849759 0.117694 0.122121
5 0.752561 0.960096 0.117694 0.079807
0 0.734384 0.393680 0.334003 0.611676
0 0.228359 0.455142 0.456317 0.909748
0 0.846154 0.894349 0.307692 0.211302