6 0.852012 0.348284 0.102638 0.158350
6 0.736665 0.368907 0.076449 0.132680
6 0.633064 0.408855 0.059888 0.109893
6 0.489987 0.336746 0.066821 0.113931
6 0.355671 0.284828 0.066628 0.141621
6 0.231754 0.250649 0.131523 0.230747
6 0.114770 0.405105 0.094743 0.130661
2 0.813884 0.357658 0.025997 0.124603
2 0.718660 0.380444 0.036973 0.098644
2 0.628250 0.415489 0.047179 0.093741
2 0.492875 0.346553 0.043713 0.093741
2 0.349798 0.299394 0.052186 0.107297
2 0.281822 0.286992 0.027922 0.153447
2 0.136434 0.405682 0.057192 0.113931
1 0.106778 0.420536 0.013672 0.040958
1 0.262469 0.263628 0.019642 0.053649
1 0.381764 0.301125 0.014057 0.029420
1 0.652320 0.422123 0.012132 0.024517
5 0.800597 0.679694 0.057192 0.066051
5 0.715675 0.507355 0.046794 0.066340
5 0.689293 0.552928 0.043328 0.057110
5 0.690256 0.595039 0.034855 0.044419
5 0.554689 0.543265 0.027152 0.048745
5 0.531774 0.642486 0.031774 0.046438
5 0.466590 0.476060 0.035817 0.063744
5 0.341132 0.579752 0.057192 0.074416
5 0.344984 0.469859 0.049490 0.080185
5 0.416137 0.711134 0.034662 0.079319
0 0.362700 0.608163 0.162334 0.783675
0 0.092240 0.666859 0.150972 0.666282
0 0.494319 0.638448 0.157905 0.723104
0 0.606971 0.674647 0.141729 0.650707
0 0.818217 0.629939 0.267283 0.740121
0 0.728962 0.652870 0.133449 0.694260