2 0.205357 0.304439 0.062169 0.048363
2 0.456184 0.292907 0.055886 0.050595
2 0.659888 0.275670 0.061177 0.046379
2 0.870040 0.300471 0.060847 0.053323
6 0.201224 0.284598 0.078373 0.088046
6 0.457507 0.277654 0.069775 0.083581
6 0.661210 0.261285 0.074405 0.078621
6 0.868221 0.284226 0.071759 0.085813
1 0.170966 0.293403 0.014550 0.018849
1 0.486442 0.291171 0.009259 0.018849
1 0.426918 0.288318 0.007937 0.018601
1 0.693783 0.269221 0.007937 0.017609
1 0.627480 0.268477 0.006944 0.015129
3 0.148644 0.421751 0.060516 0.040923
3 0.251157 0.420883 0.064484 0.036210
3 0.313327 0.420263 0.052579 0.022569
3 0.490906 0.422991 0.057870 0.031498
3 0.583333 0.423859 0.059524 0.036210
3 0.705026 0.425471 0.069444 0.033482
3 0.851852 0.426587 0.078042 0.036210
3 0.920304 0.427083 0.056878 0.034226
4 0.201885 0.261657 0.084325 0.046627
4 0.660549 0.236607 0.082341 0.046627
4 0.868717 0.259921 0.089947 0.051091
4 0.457176 0.256200 0.082341 0.046131
7 0.209491 0.368552 0.131944 0.103671
7 0.448578 0.373512 0.137897 0.101687
7 0.655093 0.367312 0.145503 0.129960
7 0.865410 0.369172 0.138228 0.111855
0 0.216104 0.339658 0.202712 0.204117
0 0.416501 0.334449 0.259590 0.207093
0 0.658069 0.328125 0.235450 0.229167
0 0.868221 0.340278 0.203373 0.216270