6 0.426693 0.468663 0.106510 0.093576
2 0.423568 0.489236 0.070052 0.052431
6 0.557161 0.475868 0.113802 0.113542
2 0.543750 0.504427 0.061458 0.056424
5 0.484635 0.693056 0.065104 0.020833
1 0.463281 0.474219 0.014583 0.022049
1 0.564844 0.485243 0.019271 0.023611
7 0.399479 0.934896 0.121354 0.092708
7 0.533594 0.950434 0.075521 0.099132
4 0.426432 0.446267 0.118490 0.048785
4 0.557161 0.453559 0.142448 0.070312
7 0.455208 0.592361 0.175521 0.180556
0 0.460938 0.708941 0.220833 0.582118
0 0.616146 0.709635 0.233854 0.580035