2 0.882875 0.363333 0.234250 0.190000
2 0.515625 0.433500 0.154250 0.132000
2 0.301625 0.425583 0.089250 0.075167
2 0.092625 0.423833 0.061750 0.064333
6 0.867250 0.296250 0.265500 0.324167
6 0.553875 0.405667 0.244250 0.182667
6 0.322875 0.406917 0.135250 0.117500
6 0.108250 0.403250 0.120500 0.090833
1 0.353875 0.409250 0.029750 0.035167
1 0.133875 0.412417 0.022750 0.029167
1 0.608375 0.423833 0.029750 0.031667
5 0.503125 0.821667 0.439750 0.151333
5 0.095750 0.558667 0.087500 0.036333
5 0.104125 0.537167 0.087250 0.037000
5 0.232875 0.635167 0.085750 0.033333
0 0.256875 0.473750 0.410250 0.271500
0 0.532875 0.505500 0.655250 0.394333
0 0.158625 0.451667 0.234750 0.178000
0 0.648500 0.575500 0.703000 0.849000