6 0.306131 0.438340 0.132962 0.137827
2 0.299230 0.453202 0.106423 0.106688
6 0.543524 0.227088 0.110403 0.099611
2 0.534501 0.235580 0.086518 0.081918
6 0.766322 0.458687 0.139862 0.137120
2 0.770037 0.473638 0.123938 0.107219
1 0.360934 0.448425 0.021762 0.030962
1 0.703954 0.467976 0.014066 0.029724
5 0.416799 0.697098 0.072983 0.053786
5 0.546975 0.280962 0.059448 0.070064
5 0.374867 0.456033 0.043790 0.016100
5 0.667197 0.693294 0.021231 0.046178
5 0.797373 0.714880 0.102176 0.050071
0 0.285430 0.546798 0.474257 0.355803
0 0.494029 0.440287 0.290074 0.529901
0 0.755839 0.565110 0.461783 0.349965