6 0.103333 0.440060 0.154667 0.227772
2 0.141750 0.479271 0.076500 0.151848
6 0.232417 0.354770 0.102500 0.208042
2 0.245083 0.384865 0.076500 0.146354
6 0.667000 0.337163 0.078333 0.161838
2 0.661417 0.365260 0.066500 0.106643
6 0.903000 0.417832 0.129667 0.225275
2 0.877667 0.458666 0.079000 0.141608
5 0.215250 0.778971 0.057167 0.081918
5 0.416000 0.730769 0.032333 0.076424
5 0.437250 0.632617 0.025500 0.044955
5 0.358917 0.651224 0.051500 0.066683
5 0.788583 0.750125 0.071167 0.100649
5 0.791667 0.723526 0.084333 0.072927
5 0.672750 0.616009 0.075500 0.064186
5 0.584250 0.407468 0.058167 0.087662
1 0.090167 0.479146 0.024333 0.054695
1 0.204833 0.368007 0.020667 0.046703
1 0.698333 0.349026 0.014000 0.043207
1 0.925167 0.456294 0.023000 0.040959
0 0.216000 0.630370 0.431667 0.605894
0 0.678333 0.453172 0.281667 0.393357
0 0.873083 0.640485 0.248500 0.713037
0 0.300167 0.518981 0.296667 0.547453