5 0.227821 0.738197 0.052102 0.041845
5 0.356065 0.632377 0.027761 0.029238
5 0.421444 0.582216 0.030175 0.029775
5 0.661436 0.727200 0.037417 0.038090
5 0.734359 0.677843 0.047677 0.046137
6 0.812412 0.571888 0.072621 0.114807
2 0.801147 0.590933 0.046470 0.076180
6 0.683464 0.559415 0.056126 0.087715
2 0.674210 0.570547 0.036411 0.065451
6 0.381915 0.471164 0.046470 0.086105
2 0.384832 0.483771 0.038624 0.059818
6 0.174613 0.537151 0.079662 0.126341
2 0.182559 0.556330 0.058942 0.087983
1 0.364313 0.471298 0.008047 0.020386
1 0.696842 0.567999 0.008851 0.021727
0 0.129048 0.736320 0.258097 0.526824
0 0.363609 0.574839 0.145846 0.293991
0 0.700764 0.632511 0.114464 0.233906
0 0.807483 0.644850 0.196339 0.260730