6 0.787666 0.119433 0.193766 0.238866
6 0.097749 0.121891 0.189340 0.243783
2 0.732827 0.132447 0.085241 0.170619
2 0.156533 0.148496 0.062921 0.169173
5 0.933519 0.864083 0.092169 0.110468
5 0.649894 0.687825 0.070618 0.052921
5 0.636617 0.670619 0.056379 0.046270
5 0.729267 0.955176 0.099673 0.089647
5 0.421205 0.542221 0.097749 0.115095
5 0.413123 0.544534 0.098134 0.097744
5 0.255340 0.730914 0.057726 0.064488
5 0.180777 0.743060 0.055224 0.066802
5 0.122475 0.886061 0.107562 0.045691
0 0.238311 0.497976 0.476621 0.995951
0 0.685973 0.450839 0.621128 0.901677
0 0.715413 0.594997 0.210506 0.315500
0 0.192900 0.701706 0.181836 0.172643