6 0.286829 0.657701 0.032426 0.024976
6 0.149720 0.686199 0.032026 0.023695
6 0.784027 0.503362 0.037230 0.030099
6 0.844075 0.508806 0.028423 0.026897
6 0.890312 0.539065 0.017614 0.024656
6 0.905124 0.545309 0.014412 0.018572
6 0.927142 0.539545 0.022418 0.023695
6 0.987990 0.521134 0.015212 0.020813
6 0.707966 0.545949 0.021217 0.016010
6 0.672138 0.556196 0.020016 0.021774
2 0.277822 0.661703 0.015212 0.018252
2 0.154524 0.685559 0.018415 0.018572
1 0.282426 0.660743 0.005204 0.008646
1 0.143715 0.688120 0.006405 0.006404
5 0.233187 0.710375 0.014011 0.020813
5 0.317054 0.739513 0.012810 0.025937
5 0.181545 0.733269 0.010809 0.010887
5 0.185148 0.730708 0.010809 0.014729
5 0.902322 0.609350 0.010408 0.015370
5 0.972578 0.606468 0.018815 0.026897
0 0.275821 0.712136 0.100080 0.131284
0 0.163131 0.726385 0.091673 0.109830
0 0.781825 0.598783 0.073659 0.221582
0 0.843875 0.589817 0.076061 0.189561
0 0.932146 0.598623 0.074059 0.140570
0 0.716974 0.593500 0.056045 0.113673
0 0.669135 0.590618 0.030825 0.086776