6 0.171462 0.341653 0.062264 0.147232
2 0.462854 0.248951 0.017689 0.046560
2 0.308844 0.269295 0.020047 0.048658
2 0.451297 0.508180 0.035142 0.056628
2 0.585377 0.507970 0.010849 0.033557
2 0.169340 0.376678 0.050943 0.072148
1 0.458137 0.232802 0.007783 0.016779
1 0.446344 0.491401 0.014387 0.021393
1 0.143396 0.331376 0.007547 0.035235
5 0.128538 0.633599 0.039623 0.087668
3 0.951769 0.631082 0.030896 0.039010
3 0.635142 0.660445 0.017453 0.048238
3 0.426533 0.665898 0.037028 0.072567
3 0.439151 0.648909 0.064623 0.124161
3 0.268632 0.433515 0.014623 0.033138
3 0.206840 0.531669 0.033019 0.080956
0 0.301651 0.336829 0.071698 0.204698
0 0.444340 0.298658 0.074057 0.232383
0 0.158137 0.508599 0.134670 0.528943
0 0.375825 0.644505 0.237500 0.450084
0 0.904481 0.551384 0.144811 0.239513
0 0.885731 0.391779 0.042217 0.084732
0 0.811910 0.478817 0.074764 0.174916
0 0.795283 0.371435 0.045283 0.080117
0 0.688679 0.454698 0.056132 0.182047
0 0.611557 0.488465 0.080660 0.148070
0 0.565920 0.561661 0.157311 0.255872
0 0.549410 0.409396 0.051651 0.149329
0 0.497170 0.410445 0.019811 0.052433