2 0.369643 0.464397 0.055060 0.092634
6 0.362946 0.443527 0.077381 0.135268
2 0.325298 0.546429 0.044940 0.103125
6 0.299851 0.524888 0.094345 0.147991
2 0.609896 0.503125 0.052232 0.114732
6 0.616295 0.488616 0.064732 0.148661
2 0.658110 0.482812 0.046280 0.140179
6 0.682292 0.469420 0.096726 0.156696
1 0.291518 0.543192 0.019048 0.042188
1 0.335565 0.450781 0.012798 0.031920
1 0.683482 0.487835 0.018452 0.042187
5 0.461458 0.400112 0.027381 0.107366
5 0.469420 0.407254 0.032292 0.114509
5 0.482068 0.541741 0.031399 0.102679
5 0.474107 0.549330 0.027083 0.115179
5 0.309598 0.961719 0.028720 0.042634
0 0.641592 0.698214 0.356696 0.600893
0 0.555432 0.647210 0.208780 0.583705
0 0.392708 0.667746 0.181250 0.585938
0 0.328199 0.676674 0.299851 0.646652