6 0.266296 0.207222 0.054074 0.114444
2 0.266296 0.222778 0.043704 0.082222
6 0.362407 0.222222 0.061111 0.121111
2 0.361852 0.232778 0.048148 0.098889
6 0.453704 0.151944 0.057778 0.113889
2 0.453519 0.173333 0.045556 0.071111
6 0.530370 0.214444 0.060741 0.114444
2 0.530000 0.228056 0.048889 0.086111
6 0.655370 0.194722 0.057407 0.117222
2 0.654259 0.214167 0.047778 0.079444
6 0.724444 0.214722 0.061481 0.113889
2 0.723519 0.232500 0.048519 0.076111
5 0.216667 0.451944 0.042222 0.056111
1 0.388148 0.233611 0.010370 0.030556
1 0.337407 0.236389 0.007407 0.029444
1 0.429444 0.159444 0.007778 0.030000
1 0.478889 0.158333 0.007407 0.030000
1 0.557222 0.217778 0.006296 0.027778
1 0.697778 0.221389 0.005926 0.028333
1 0.749259 0.226944 0.009630 0.029444
1 0.681296 0.200000 0.005556 0.030000
4 0.362037 0.183056 0.065556 0.062778
4 0.451111 0.097778 0.063704 0.101111
4 0.525370 0.172500 0.074444 0.093889
4 0.652037 0.148889 0.065556 0.081111
4 0.722963 0.156667 0.066667 0.105556
4 0.203519 0.395833 0.045556 0.086111
0 0.240000 0.544167 0.178519 0.793889
0 0.357593 0.561667 0.155926 0.810000
0 0.451667 0.492222 0.112963 0.797778
0 0.539630 0.561667 0.203704 0.824444
0 0.640741 0.521111 0.119259 0.776667
0 0.732407 0.564722 0.181111 0.813889