6 0.785345 0.428947 0.132890 0.230854
6 0.610373 0.384849 0.122185 0.254907
6 0.417682 0.411114 0.125877 0.217860
2 0.762089 0.447056 0.083795 0.178048
2 0.600221 0.412773 0.100775 0.185236
2 0.458010 0.445811 0.039313 0.137407
1 0.650332 0.422588 0.024917 0.063312
1 0.457180 0.428670 0.020303 0.065524
5 0.329919 0.571053 0.081764 0.189383
5 0.625600 0.807714 0.053341 0.103124
5 0.629014 0.817528 0.066445 0.107271
5 0.586932 0.867155 0.074197 0.130218
5 0.775378 0.914155 0.082687 0.072712
0 0.782207 0.654686 0.376892 0.690628
0 0.601421 0.627454 0.253045 0.745093
0 0.473330 0.651092 0.351237 0.697816