2 0.560669 0.300403 0.077393 0.167552
6 0.573242 0.259751 0.103271 0.249222
2 0.763184 0.495697 0.078613 0.177989
6 0.795471 0.450833 0.165894 0.268815
6 0.110168 0.428859 0.199829 0.314594
1 0.601990 0.314686 0.015503 0.047793
1 0.161377 0.465391 0.026611 0.076360
5 0.409912 0.586980 0.055908 0.044131
5 0.481018 0.710493 0.078003 0.068486
5 0.709473 0.539462 0.068848 0.156382
5 0.704651 0.847830 0.078003 0.105475
5 0.586548 0.878868 0.111572 0.085149
0 0.535156 0.497162 0.306152 0.752243
0 0.326111 0.625710 0.639771 0.748581