6 0.956793 0.707667 0.086414 0.144000
6 0.159840 0.244583 0.187812 0.097833
2 0.203796 0.252917 0.099900 0.084500
6 0.535090 0.156917 0.160090 0.123500
2 0.570055 0.181500 0.089161 0.073333
5 0.576923 0.895750 0.130370 0.076833
5 0.568307 0.672083 0.078671 0.085167
5 0.085539 0.912333 0.097652 0.088333
5 0.028222 0.802500 0.056444 0.053333
5 0.437687 0.970917 0.166084 0.058167
5 0.372253 0.422917 0.126623 0.063167
5 0.603771 0.367667 0.111638 0.041667
5 0.526848 0.303250 0.102647 0.058167
5 0.888861 0.644000 0.061938 0.055333
5 0.960664 0.523417 0.072178 0.067167
1 0.146229 0.283167 0.039211 0.021667
0 0.764361 0.807833 0.471279 0.384333
0 0.218157 0.346000 0.436314 0.323000
0 0.522478 0.237250 0.380120 0.304500
0 0.962662 0.561667 0.074675 0.144000