3 0.117528 0.820045 0.006754 0.011712
3 0.140831 0.809910 0.008105 0.010360
3 0.573793 0.940653 0.010132 0.010586
3 0.605539 0.932095 0.011483 0.009234
3 0.754306 0.857207 0.011145 0.008108
2 0.130361 0.782995 0.012158 0.010586
2 0.593381 0.912050 0.010132 0.009685
1 0.136440 0.783221 0.003377 0.006982
4 0.129179 0.778604 0.014522 0.009910
4 0.588146 0.906644 0.013847 0.011937
4 0.773556 0.839189 0.016548 0.013063
7 0.132219 0.801802 0.021952 0.029730
7 0.588484 0.924099 0.021952 0.019820
7 0.796859 0.852365 0.027356 0.027252
6 0.588821 0.907770 0.017899 0.018694
0 0.588652 0.933446 0.046606 0.075450
0 0.133739 0.813176 0.041878 0.090766
6 0.129179 0.781982 0.015198 0.018468
6 0.774232 0.839752 0.017224 0.017342
0 0.783012 0.863964 0.070584 0.074324