6 0.404500 0.293833 0.044500 0.108333
6 0.486250 0.296500 0.030500 0.079000
6 0.649875 0.293333 0.047750 0.100667
2 0.647250 0.321333 0.036000 0.044667
6 0.739125 0.350833 0.017250 0.029667
2 0.740000 0.357833 0.008000 0.015000
6 0.592375 0.629667 0.055250 0.101333
6 0.809625 0.307333 0.010750 0.021333
2 0.809625 0.312000 0.008250 0.010667
1 0.484250 0.299500 0.006000 0.014333
5 0.726250 0.471000 0.026000 0.031333
5 0.634000 0.435500 0.023000 0.031667
0 0.678000 0.487333 0.140000 0.493333
0 0.603750 0.750667 0.225500 0.346000
0 0.365375 0.497167 0.137750 0.515000
0 0.461625 0.470167 0.079750 0.427667
0 0.804250 0.354667 0.035500 0.117333
0 0.737500 0.372167 0.021000 0.073667
7 0.456750 0.386667 0.070500 0.152667
7 0.674500 0.416000 0.113500 0.192000
4 0.398000 0.271833 0.062500 0.067000
4 0.486375 0.281667 0.030750 0.056000
4 0.589625 0.606167 0.066750 0.052333
4 0.739250 0.346333 0.016500 0.022000
4 0.809500 0.301833 0.011500 0.013667
3 0.508125 0.772667 0.035750 0.036000
3 0.545125 0.747667 0.027750 0.022000
5 0.803250 0.333833 0.009500 0.007000