6 0.083667 0.337750 0.166000 0.400500
2 0.128833 0.396000 0.075000 0.283000
6 0.342000 0.192375 0.124000 0.272750
2 0.330250 0.239375 0.101833 0.175250
6 0.784083 0.736500 0.240500 0.371500
6 0.678667 0.178000 0.116000 0.229000
2 0.671917 0.205000 0.075167 0.174000
6 0.950417 0.208875 0.099167 0.211250
2 0.960083 0.228875 0.079833 0.169750
5 0.250167 0.593875 0.061333 0.055250
5 0.379167 0.567125 0.101333 0.107250
5 0.610000 0.578750 0.070667 0.080000
5 0.967250 0.481250 0.065500 0.094500
5 0.870167 0.552375 0.038333 0.068250
1 0.082917 0.374500 0.032500 0.101500
1 0.386417 0.247750 0.023167 0.035500
1 0.913750 0.235625 0.022167 0.048750
1 0.881917 0.858500 0.037833 0.104500
0 0.642417 0.341375 0.253500 0.554250
0 0.352500 0.335250 0.346333 0.597000
0 0.218083 0.567625 0.435833 0.864750
0 0.898917 0.326125 0.202167 0.456250
0 0.800417 0.770750 0.375500 0.458500