5 0.881045 0.621685 0.034321 0.043682
5 0.784321 0.613885 0.021841 0.021841
5 0.305285 0.620515 0.047777 0.041342
5 0.305187 0.649506 0.053822 0.038482
5 0.424922 0.580343 0.026911 0.047842
6 0.246197 0.437988 0.078198 0.131305
2 0.264821 0.465419 0.037441 0.075403
6 0.431162 0.335023 0.048752 0.082943
2 0.438085 0.343084 0.034516 0.066823
6 0.964119 0.442278 0.071763 0.111804
2 0.949785 0.457748 0.042317 0.079823
6 0.792804 0.436427 0.058697 0.090224
2 0.782566 0.446828 0.037441 0.068383
1 0.244637 0.444748 0.013846 0.029901
1 0.417024 0.341264 0.007995 0.023141
1 0.806552 0.446438 0.010530 0.020801
1 0.979427 0.455928 0.012676 0.029381
0 0.309185 0.656916 0.319618 0.570203
0 0.421704 0.448128 0.114470 0.309152
0 0.804505 0.506370 0.178042 0.237389
0 0.931942 0.518981 0.136115 0.267811