2 0.051828 0.111111 0.103133 0.221491
6 0.052872 0.111294 0.105222 0.221857
6 0.379112 0.335344 0.140470 0.306652
2 0.379896 0.382675 0.121671 0.207602
6 0.670888 0.162098 0.172063 0.323465
2 0.635117 0.203034 0.101567 0.240863
6 0.946606 0.263523 0.106789 0.421784
2 0.946475 0.313231 0.107050 0.322368
5 0.117885 0.906981 0.157441 0.162646
5 0.337990 0.834064 0.089034 0.110380
5 0.790731 0.872624 0.129243 0.139254
5 0.746084 0.812683 0.045170 0.048611
5 0.945561 0.845212 0.108877 0.176535
0 0.297520 0.550621 0.514099 0.881944
0 0.106527 0.440058 0.212533 0.879386
0 0.862924 0.490680 0.274151 0.902412
0 0.604178 0.445724 0.624021 0.890716