6 0.225404 0.196443 0.091708 0.168379
6 0.620871 0.462582 0.098735 0.142556
6 0.838194 0.477866 0.146521 0.210540
2 0.238580 0.225428 0.061138 0.099341
2 0.604708 0.465876 0.065004 0.122793
2 0.788651 0.504084 0.044273 0.140711
1 0.202126 0.210540 0.017041 0.041107
1 0.638879 0.484848 0.018447 0.031621
5 0.312632 0.330698 0.032150 0.083794
5 0.047259 0.642029 0.063247 0.070356
5 0.746398 0.857839 0.115777 0.095125
0 0.169536 0.439657 0.319396 0.656390
0 0.841356 0.659947 0.317287 0.566798
0 0.619554 0.605665 0.252811 0.433465