6 0.009500 0.147500 0.019000 0.029000
6 0.469500 0.227875 0.017000 0.018750
6 0.253417 0.755125 0.019833 0.035250
6 0.427333 0.689500 0.020333 0.031000
6 0.407833 0.751875 0.017333 0.032250
6 0.401250 0.649000 0.014833 0.032000
6 0.495250 0.715250 0.021500 0.034000
2 0.490000 0.723000 0.010667 0.019000
2 0.422917 0.694000 0.010833 0.021500
7 0.247500 0.803500 0.030667 0.083000
7 0.281833 0.735625 0.030333 0.071250
7 0.398583 0.799750 0.038500 0.063500
7 0.427250 0.737625 0.029167 0.063750
7 0.018417 0.199375 0.034500 0.072750
7 0.475750 0.267125 0.030500 0.057750
4 0.009917 0.146250 0.018500 0.027000
4 0.408333 0.745625 0.016333 0.021750
4 0.255417 0.748750 0.023167 0.023500
4 0.277333 0.677375 0.006000 0.017750
4 0.401000 0.642750 0.015667 0.022500
4 0.429000 0.687000 0.020000 0.025000
4 0.495000 0.710375 0.021333 0.025250
4 0.469500 0.225875 0.016333 0.015750
3 0.262667 0.826000 0.011000 0.015000
3 0.279083 0.725750 0.005500 0.009500
3 0.275750 0.741625 0.009167 0.012750
3 0.360500 0.772750 0.011333 0.016000
5 0.461000 0.705125 0.010000 0.018250
0 0.486417 0.753750 0.061167 0.118000
0 0.390083 0.831875 0.070833 0.199250
0 0.429000 0.765625 0.033333 0.187250
0 0.404583 0.675375 0.021833 0.093250
0 0.250000 0.836125 0.036667 0.202750
0 0.274083 0.755500 0.026167 0.173000
0 0.020250 0.223000 0.040500 0.180000
0 0.467667 0.262750 0.051000 0.096000