2 0.558750 0.476833 0.086000 0.109333
6 0.576375 0.467917 0.134750 0.127833
2 0.579125 0.291333 0.119750 0.115000
6 0.580000 0.269750 0.139000 0.159833
2 0.825000 0.314833 0.120500 0.101667
6 0.828000 0.301083 0.148000 0.133833
2 0.273750 0.346583 0.168500 0.117833
6 0.288500 0.327417 0.201000 0.155167
0 0.194500 0.415083 0.389000 0.336167
0 0.594500 0.571417 0.417000 0.332500
0 0.873375 0.462750 0.252750 0.461833
0 0.564875 0.382750 0.401250 0.401500
1 0.240250 0.295750 0.044500 0.042833
5 0.442500 0.638583 0.111500 0.070833
5 0.478125 0.605250 0.058750 0.062500
5 0.843250 0.523250 0.110000 0.067833
5 0.814625 0.653833 0.042750 0.068000
0 0.777125 0.741333 0.445750 0.287667