6 0.879499 0.412014 0.155856 0.231253
6 0.638224 0.331007 0.072355 0.140394
6 0.701443 0.307745 0.033620 0.071976
6 0.744564 0.283525 0.041659 0.084839
6 0.914215 0.289956 0.050247 0.051724
6 0.519276 0.276820 0.037274 0.075807
6 0.552896 0.304871 0.056276 0.095238
6 0.168920 0.359880 0.105427 0.160920
6 0.301389 0.318144 0.076192 0.117406
6 0.294263 0.264094 0.045496 0.062397
6 0.123515 0.266147 0.031427 0.058292
6 0.053810 0.277094 0.044034 0.081828
1 0.914855 0.453476 0.032523 0.049261
1 0.656770 0.344417 0.018454 0.036398
1 0.574365 0.318281 0.013338 0.026820
5 0.099123 0.750137 0.052074 0.034483
5 0.560205 0.597154 0.035812 0.037767
5 0.521469 0.531472 0.033254 0.038314
5 0.821122 0.844417 0.130093 0.107006
5 0.743651 0.589765 0.083318 0.118227
5 0.776905 0.498632 0.016810 0.032841
0 0.061849 0.364806 0.096656 0.261631
0 0.293075 0.462233 0.147999 0.411056
0 0.751325 0.398194 0.133382 0.315271
0 0.817559 0.647920 0.364882 0.704160
0 0.137859 0.640805 0.275717 0.718391
0 0.625251 0.510673 0.194043 0.499726
0 0.540197 0.425287 0.139046 0.335523
0 0.115019 0.299398 0.049881 0.124247