5 0.759760 0.845569 0.132132 0.069674
5 0.617918 0.823278 0.098298 0.066204
5 0.550250 0.802456 0.085085 0.058195
5 0.314815 0.722504 0.067067 0.063801
5 0.333433 0.773091 0.102703 0.068873
5 0.231431 0.625868 0.046046 0.069140
5 0.291391 0.684463 0.076677 0.050187
6 0.272072 0.252403 0.106106 0.204218
2 0.270170 0.287240 0.085085 0.132408
6 0.415315 0.397491 0.123524 0.218366
2 0.405806 0.443673 0.092092 0.125467
6 0.542342 0.155766 0.139740 0.243193
2 0.529730 0.212627 0.107708 0.126268
6 0.925425 0.361052 0.149149 0.278964
2 0.909409 0.407368 0.118318 0.183129
1 0.318719 0.252002 0.012412 0.045382
1 0.585586 0.184463 0.021622 0.050187
1 0.974875 0.390950 0.013814 0.058996
0 0.298198 0.430860 0.231231 0.557928
0 0.428529 0.547384 0.292893 0.521356
0 0.607508 0.420849 0.327728 0.771757
0 0.784785 0.611586 0.430430 0.776829