2 0.630830 0.320986 0.040213 0.049849
6 0.638358 0.301294 0.061513 0.108510
6 0.863845 0.623933 0.272310 0.510328
6 0.266893 0.432388 0.201065 0.337648
1 0.321061 0.519967 0.031399 0.089782
5 0.580793 0.394795 0.026441 0.037731
5 0.610448 0.421922 0.018178 0.053429
5 0.455288 0.479482 0.077304 0.168549
5 0.698678 0.577389 0.037091 0.069127
5 0.681142 0.574360 0.033235 0.065822
0 0.623944 0.474663 0.130371 0.477830
0 0.827855 0.677499 0.344289 0.645001
0 0.293151 0.627513 0.470253 0.744974
0 0.642031 0.617185 0.212817 0.313412