6 0.362299 0.443120 0.018458 0.034265
6 0.382036 0.459704 0.015534 0.025768
6 0.493330 0.448876 0.013341 0.026590
6 0.558754 0.458059 0.012244 0.023575
2 0.364401 0.451754 0.009137 0.015899
2 0.493969 0.457785 0.009503 0.008772
3 0.352339 0.519600 0.008772 0.015625
3 0.415022 0.526179 0.010234 0.012336
3 0.467745 0.505482 0.006762 0.012061
3 0.520011 0.500822 0.004934 0.007127
3 0.564327 0.512061 0.009137 0.008224
1 0.359832 0.446957 0.002558 0.006853
4 0.362664 0.437363 0.020651 0.023300
0 0.346491 0.477248 0.054459 0.108004
0 0.492690 0.474095 0.059576 0.079221
0 0.388523 0.496025 0.063596 0.100603
0 0.563505 0.482045 0.034539 0.074836