2 0.634083 0.380500 0.030833 0.091500
6 0.661167 0.357625 0.084333 0.140250
2 0.802667 0.252500 0.048000 0.086500
6 0.822583 0.216750 0.089500 0.159000
1 0.652917 0.369625 0.009167 0.032250
1 0.832750 0.236875 0.018167 0.035250
3 0.649417 0.466375 0.064833 0.074250
3 0.718917 0.574500 0.057167 0.086000
5 0.744750 0.458000 0.075500 0.060000
5 0.626917 0.233750 0.043500 0.045000
4 0.656167 0.341125 0.093667 0.105750
4 0.825500 0.196125 0.107000 0.113250
0 0.772250 0.567125 0.333833 0.860250
0 0.666083 0.642125 0.194167 0.715750