6 0.261624 0.420505 0.139486 0.231069
1 0.242713 0.461619 0.022554 0.053604
1 0.619188 0.463700 0.017696 0.053604
6 0.578765 0.419074 0.116239 0.215717
2 0.567835 0.457585 0.089868 0.139735
6 0.763619 0.410356 0.127516 0.269061
1 0.791985 0.443404 0.021166 0.052563
2 0.742540 0.470206 0.081194 0.149883
0 0.699861 0.564793 0.307425 0.581056
0 0.503643 0.498179 0.342817 0.396825
0 0.250087 0.478012 0.184421 0.353370
4 0.264139 0.369373 0.153886 0.144418
4 0.576336 0.364299 0.119709 0.134791
4 0.758067 0.349857 0.148334 0.150664