6 0.106417 0.920080 0.157833 0.159840
6 0.137083 0.497003 0.154500 0.267233
2 0.155000 0.584416 0.078667 0.089910
6 0.472083 0.068556 0.107833 0.136613
2 0.479833 0.076673 0.093000 0.119880
6 0.946667 0.384990 0.106667 0.226523
2 0.936917 0.416708 0.088167 0.163087
6 0.975833 0.868257 0.048333 0.178571
2 0.975417 0.864261 0.049167 0.171079
5 0.249833 0.921329 0.086000 0.141359
5 0.373417 0.873002 0.087500 0.092657
5 0.254333 0.523102 0.077333 0.059690
5 0.417667 0.388362 0.074667 0.101898
5 0.487083 0.393856 0.073167 0.090909
5 0.697167 0.941059 0.066000 0.094905
5 0.687167 0.749001 0.095333 0.075425
5 0.868333 0.436563 0.064667 0.109391
5 0.749333 0.988012 0.032667 0.023976
1 0.990500 0.461414 0.019000 0.023227
1 0.425833 0.028846 0.017333 0.046204
0 0.207750 0.913087 0.415167 0.173826
0 0.146667 0.676449 0.293000 0.632118
0 0.461333 0.218531 0.412333 0.436563
0 0.831583 0.882992 0.336833 0.234016
0 0.820083 0.546454 0.359833 0.534965