2 0.316786 0.557189 0.154237 0.129156
6 0.292311 0.525400 0.205033 0.194581
6 0.369083 0.222522 0.168321 0.192272
2 0.712768 0.476139 0.176864 0.084667
6 0.705957 0.411638 0.208497 0.214901
1 0.217848 0.552340 0.045486 0.038485
1 0.309166 0.248461 0.033249 0.042488
1 0.387901 0.252078 0.163473 0.061115
5 0.639806 0.824661 0.189333 0.093904
5 0.668091 0.687654 0.135996 0.071736
5 0.834218 0.752001 0.141307 0.063116
5 0.132533 0.561961 0.106211 0.074661
5 0.102632 0.772321 0.062572 0.065579
0 0.356038 0.428264 0.553683 0.603448
0 0.367236 0.714748 0.734011 0.570505
0 0.742323 0.541872 0.515354 0.482451