6 0.132127 0.247670 0.031067 0.043037
6 0.260508 0.403920 0.043677 0.076480
6 0.431926 0.263980 0.019920 0.037281
6 0.649854 0.499315 0.097222 0.128015
2 0.260325 0.427357 0.036367 0.037829
2 0.666393 0.534539 0.056469 0.038925
2 0.432018 0.269463 0.014985 0.021382
1 0.665205 0.497670 0.022661 0.023300
1 0.260965 0.405016 0.013889 0.017270
5 0.282803 0.526590 0.021382 0.037829
5 0.710892 0.702577 0.035088 0.048794
5 0.736933 0.732867 0.045870 0.058388
0 0.433662 0.301124 0.054094 0.111568
0 0.763067 0.588268 0.317434 0.364035
0 0.318531 0.509046 0.166667 0.292763
5 0.432657 0.310444 0.007858 0.015625
5 0.440972 0.309211 0.006944 0.014254
0 0.149306 0.402412 0.090643 0.361842