2 0.311345 0.512950 0.069763 0.135457
2 0.487653 0.554520 0.031083 0.123284
2 0.723796 0.509454 0.060266 0.146594
6 0.292091 0.492100 0.108271 0.178710
6 0.455362 0.535095 0.098083 0.159544
6 0.743568 0.487827 0.105681 0.187257
1 0.269211 0.506087 0.018650 0.045584
5 0.373165 0.772339 0.078398 0.061124
5 0.536004 0.748122 0.055604 0.091945
5 0.563115 0.781274 0.063547 0.067081
5 0.691418 0.777778 0.050423 0.074592
5 0.655327 0.771950 0.044897 0.085729
0 0.764548 0.697099 0.264721 0.605802
0 0.493870 0.731805 0.246244 0.536390
0 0.307546 0.702150 0.296667 0.595701