0 0.661253 0.652905 0.208448 0.394099
0 0.645624 0.513952 0.138762 0.439616
0 0.149055 0.555924 0.298109 0.725755
0 0.262123 0.667658 0.524245 0.664684
2 0.634645 0.355101 0.044526 0.088975
2 0.680009 0.569762 0.064196 0.108875
2 0.863525 0.368939 0.096981 0.097438
2 0.461726 0.525389 0.053065 0.093321
2 0.226212 0.336802 0.082800 0.129689
2 0.347591 0.557296 0.085849 0.222095
6 0.214700 0.297919 0.141507 0.209286
6 0.302455 0.503431 0.177036 0.322964
6 0.459058 0.510750 0.061757 0.123513
6 0.632815 0.346180 0.059774 0.104529
6 0.680162 0.540371 0.073955 0.169030
6 0.865050 0.317017 0.122598 0.203111
6 0.374886 0.372027 0.050778 0.071134
0 0.482235 0.622827 0.213022 0.346752
0 0.897377 0.606473 0.186947 0.781107
1 0.649436 0.556153 0.007624 0.040485
1 0.710430 0.568504 0.009454 0.032251
1 0.617566 0.372141 0.010369 0.022873
1 0.917277 0.315645 0.018146 0.042543
1 0.433440 0.517612 0.011436 0.029735
5 0.599802 0.792887 0.037664 0.063358
5 0.494282 0.896729 0.061757 0.110018
5 0.456999 0.877402 0.073193 0.098353
5 0.830512 0.792772 0.028515 0.074108
5 0.953187 0.923033 0.060079 0.079369
5 0.361696 0.732502 0.013114 0.040942