6 0.098866 0.636568 0.034345 0.056528
6 0.276759 0.569785 0.038680 0.044022
6 0.410303 0.586543 0.034345 0.057529
2 0.406135 0.599050 0.018006 0.030515
6 0.597866 0.616558 0.023341 0.039520
6 0.792931 0.562781 0.031344 0.057029
2 0.795265 0.573037 0.024675 0.039520
2 0.094365 0.650575 0.016672 0.026513
5 0.275092 0.594797 0.014005 0.021011
5 0.288763 0.587294 0.014005 0.009005
5 0.517839 0.611306 0.017339 0.021011
5 0.400634 0.606803 0.011671 0.015008
5 0.612704 0.616558 0.014338 0.023512
5 0.714405 0.600300 0.017006 0.019010
5 0.779093 0.591796 0.014338 0.027014
5 0.897299 0.577289 0.018673 0.023012
1 0.098199 0.639820 0.006335 0.013007
1 0.805769 0.560030 0.005002 0.013507
1 0.782427 0.573037 0.006335 0.011506
0 0.165055 0.744872 0.169390 0.274137
0 0.327943 0.707104 0.141047 0.321661
0 0.461821 0.710355 0.144048 0.308154
0 0.672224 0.723112 0.178726 0.263632
0 0.843615 0.689845 0.157386 0.318159