6 0.431633 0.383199 0.140658 0.114487
6 0.686236 0.388129 0.113794 0.087324
2 0.711742 0.396278 0.059161 0.056539
6 0.839119 0.503521 0.037428 0.034809
2 0.833233 0.504628 0.022034 0.025352
1 0.430426 0.392757 0.019922 0.026157
1 0.675219 0.390543 0.023544 0.024547
1 0.847117 0.501509 0.005735 0.009054
3 0.577724 0.401509 0.071235 0.046479
5 0.712949 0.640443 0.051313 0.058753
5 0.841835 0.583400 0.019318 0.015493
4 0.434651 0.360463 0.156957 0.079477
0 0.675672 0.633803 0.216420 0.573441
0 0.837760 0.576358 0.121038 0.180080
0 0.473740 0.660765 0.279807 0.678471