6 0.788215 0.215115 0.055160 0.098015
6 0.712497 0.242748 0.038469 0.079389
6 0.656625 0.238473 0.048850 0.087939
6 0.686953 0.424885 0.127417 0.227481
6 0.395685 0.426718 0.140444 0.226260
2 0.672196 0.437557 0.094240 0.200305
2 0.419601 0.456794 0.074700 0.160611
2 0.657847 0.251756 0.036230 0.060153
2 0.708935 0.257557 0.026867 0.045496
2 0.777936 0.232977 0.028496 0.057405
1 0.723387 0.424427 0.026460 0.070229
1 0.787910 0.212824 0.012620 0.036641
5 0.610828 0.816794 0.140444 0.124580
5 0.407389 0.668702 0.049054 0.111756
5 0.443008 0.719542 0.051496 0.106565
5 0.319459 0.719389 0.065744 0.104427
0 0.814574 0.340153 0.124975 0.344427
0 0.631081 0.390534 0.112151 0.406718
0 0.328211 0.643817 0.297374 0.712366
0 0.697537 0.655267 0.516182 0.689466