6 0.524954 0.460134 0.104078 0.093325
6 0.729458 0.557922 0.123554 0.092919
6 0.224437 0.549604 0.107425 0.100629
2 0.708156 0.558024 0.077298 0.085007
2 0.520237 0.480219 0.080037 0.051532
2 0.230828 0.556097 0.092209 0.086022
1 0.179702 0.552850 0.016738 0.025157
1 0.570146 0.463887 0.014303 0.016433
1 0.755934 0.557010 0.018868 0.027389
5 0.648813 0.609353 0.079732 0.057010
5 0.374011 0.686549 0.063299 0.040576
5 0.267498 0.747210 0.060864 0.031649
0 0.795344 0.643843 0.409312 0.301278
0 0.557212 0.550822 0.237371 0.315683
0 0.227480 0.633293 0.343579 0.268817