2 0.739639 0.183566 0.130989 0.185987
6 0.751711 0.138280 0.174905 0.276559
2 0.659221 0.176445 0.070532 0.175164
6 0.664544 0.164341 0.111217 0.287098
2 0.016445 0.374680 0.032890 0.219596
6 0.016730 0.339362 0.033460 0.294788
1 0.784601 0.116776 0.023954 0.053546
5 0.647624 0.515380 0.085741 0.120478
5 0.613498 0.512105 0.054753 0.098547
5 0.807985 0.512817 0.097719 0.175164
5 0.216160 0.801623 0.088213 0.082313
0 0.644582 0.394617 0.170152 0.748220
0 0.761977 0.501994 0.476046 0.996013
0 0.131084 0.594560 0.262167 0.807462