6 0.318147 0.291642 0.113949 0.224608
2 0.336139 0.339379 0.078739 0.128555
6 0.609499 0.251161 0.132908 0.274231
2 0.613271 0.327046 0.092861 0.121300
6 0.471658 0.410331 0.021281 0.047591
5 0.355678 0.623912 0.083769 0.105630
5 0.652544 0.643355 0.102534 0.138712
1 0.288257 0.330383 0.024376 0.050203
1 0.660766 0.284968 0.017218 0.055717
3 0.180015 0.836477 0.054363 0.101857
3 0.443606 0.811666 0.048752 0.095183
4 0.613078 0.198346 0.140840 0.170923
4 0.321726 0.250145 0.123041 0.142774
0 0.310215 0.591555 0.313600 0.816889
0 0.572935 0.556007 0.519830 0.887986
0 0.470787 0.517847 0.053976 0.269008