6 0.281167 0.240538 0.084940 0.161355
2 0.300033 0.261703 0.047540 0.118028
6 0.821809 0.241036 0.089096 0.140936
2 0.806433 0.273406 0.059342 0.075199
5 0.463846 0.475100 0.060672 0.058765
5 0.591838 0.431150 0.053025 0.044572
5 0.759225 0.529382 0.060339 0.075697
5 0.292969 0.493899 0.029754 0.030627
5 0.279754 0.486305 0.030585 0.037351
1 0.272523 0.253860 0.015126 0.039094
1 0.841755 0.265189 0.016290 0.035359
0 0.300781 0.482819 0.387799 0.649402
0 0.774269 0.496887 0.421543 0.654631
0 0.341672 0.533491 0.130818 0.482819