2 0.554833 0.328625 0.071667 0.121750
6 0.559250 0.301125 0.083167 0.173750
2 0.785417 0.569375 0.063167 0.148750
6 0.809500 0.537500 0.114333 0.210500
2 0.309667 0.568000 0.063000 0.109500
6 0.302583 0.545750 0.079833 0.149500
2 0.146833 0.536125 0.073667 0.159250
6 0.125750 0.512250 0.117500 0.208000
1 0.594667 0.305125 0.008333 0.044250
1 0.808667 0.545000 0.017333 0.054500
1 0.273000 0.563375 0.016667 0.042250
1 0.099667 0.525000 0.021000 0.049500
5 0.549167 0.767000 0.056333 0.079500
5 0.651417 0.791125 0.051833 0.062250
5 0.671667 0.810500 0.042333 0.042500
5 0.692333 0.706375 0.028333 0.092250
5 0.425750 0.780125 0.041500 0.054750
5 0.331750 0.793375 0.064500 0.076250
5 0.305667 0.825875 0.054000 0.076250
0 0.798167 0.708875 0.343667 0.582250
0 0.324667 0.638750 0.242667 0.337500
0 0.181750 0.672750 0.363167 0.532000