6 0.409246 0.658549 0.058342 0.101979
6 0.712129 0.609462 0.064313 0.099696
6 0.438843 0.141679 0.042136 0.066210
6 0.690123 0.328513 0.037018 0.059868
6 0.284374 0.349569 0.039236 0.070015
1 0.382805 0.680619 0.005459 0.030949
1 0.434920 0.678209 0.006994 0.030188
1 0.738570 0.626332 0.010747 0.031456
1 0.683555 0.626839 0.008188 0.032471
4 0.285653 0.345129 0.047936 0.060629
4 0.436967 0.141045 0.038042 0.067478
4 0.691488 0.321918 0.040771 0.045662
4 0.529512 0.280568 0.014671 0.033486
0 0.411293 0.803907 0.167520 0.392187
0 0.708717 0.780441 0.157114 0.439117
0 0.872825 0.847793 0.074889 0.304414
0 0.456670 0.300863 0.076424 0.391172
0 0.280792 0.371766 0.055954 0.119990
0 0.562010 0.345129 0.086489 0.169711
0 0.701382 0.395611 0.082395 0.193049
0 0.520300 0.192542 0.081201 0.167935
0 0.871631 0.926433 0.073183 0.147133
2 0.561583 0.682775 0.017059 0.027144
2 0.497100 0.671487 0.017059 0.025368
0 0.559024 0.728691 0.056977 0.128615
0 0.496418 0.724505 0.066530 0.135972
5 0.520641 0.721715 0.015012 0.030441
5 0.455817 0.724886 0.011941 0.028158
5 0.471000 0.723491 0.010918 0.023846
5 0.535739 0.738458 0.010406 0.017757