2 0.659926 0.144085 0.084597 0.171891
2 0.713010 0.440976 0.115942 0.206522
2 0.430907 0.479146 0.120661 0.234328
2 0.246967 0.301820 0.090495 0.199697
2 0.144085 0.478640 0.116279 0.203994
6 0.658493 0.113498 0.129255 0.226997
6 0.720340 0.414055 0.140377 0.279575
6 0.432339 0.430485 0.161611 0.343782
6 0.225143 0.254929 0.165150 0.290950
6 0.130098 0.423155 0.164139 0.309909
1 0.779154 0.411148 0.026458 0.065470
1 0.498820 0.449317 0.023930 0.061931
1 0.072295 0.460061 0.035726 0.064206
5 0.685878 0.813827 0.106505 0.041203
5 0.322295 0.614889 0.071621 0.074065
5 0.151163 0.828868 0.073475 0.131951
0 0.150067 0.579626 0.300135 0.627401
0 0.256994 0.383089 0.246377 0.551314
0 0.433519 0.543605 0.401584 0.590243
0 0.768959 0.406724 0.404112 0.813448
0 0.754719 0.560415 0.336872 0.572295