6 0.609250 0.474417 0.067000 0.059500
6 0.232250 0.484917 0.075000 0.062833
6 0.774375 0.497917 0.069750 0.056833
2 0.609500 0.480833 0.055000 0.045000
2 0.775250 0.503833 0.057500 0.045667
2 0.234375 0.489750 0.061750 0.052167
1 0.805000 0.500083 0.008000 0.016500
1 0.746375 0.507000 0.012750 0.014000
5 0.575875 0.628333 0.040750 0.027667
5 0.516875 0.565417 0.015750 0.022500
5 0.228000 0.571833 0.057000 0.048000
5 0.240625 0.591667 0.030250 0.027333
3 0.828750 0.653583 0.066000 0.046167
0 0.818375 0.700750 0.225750 0.459833
0 0.603000 0.610833 0.198500 0.329333
0 0.220250 0.683500 0.306000 0.461000