6 0.800446 0.121618 0.102321 0.186445
2 0.790625 0.159791 0.079821 0.108492
2 0.491696 0.140370 0.081250 0.115189
6 0.492321 0.101125 0.093214 0.194214
6 0.203482 0.104474 0.070536 0.095901
6 0.170357 0.076346 0.136786 0.152156
2 0.212946 0.394053 0.081250 0.129654
6 0.187054 0.368872 0.135536 0.183231
6 0.660357 0.862443 0.109643 0.175998
6 0.345268 0.870613 0.155536 0.256094
5 0.480268 0.381329 0.042321 0.073132
5 0.574107 0.373962 0.032143 0.072864
5 0.380179 0.332976 0.044286 0.096973
5 0.275357 0.273641 0.048214 0.081168
5 0.278571 0.553844 0.043571 0.067238
5 0.486518 0.659121 0.059821 0.065095
5 0.484196 0.658586 0.066250 0.058666
5 0.425804 0.820654 0.041964 0.062416
5 0.405179 0.786499 0.047143 0.022502
5 0.815089 0.295875 0.072679 0.059737
5 0.759196 0.314358 0.070893 0.049558
0 0.252500 0.191937 0.300357 0.383338
0 0.401071 0.869810 0.378571 0.260380
0 0.788214 0.183766 0.246071 0.315564
0 0.314286 0.491428 0.392143 0.432628
0 0.522768 0.207340 0.261607 0.412001
0 0.627232 0.813287 0.352679 0.373426