6 0.603974 0.415381 0.062114 0.123457
2 0.587191 0.439943 0.028549 0.072788
6 0.583430 0.325489 0.078511 0.134002
2 0.560571 0.356996 0.033179 0.070988
6 0.499421 0.326132 0.060185 0.123971
2 0.496335 0.342850 0.054012 0.089506
6 0.391107 0.345936 0.059221 0.113683
2 0.391397 0.361497 0.048997 0.082562
6 0.294271 0.449588 0.075424 0.122428
2 0.305652 0.459362 0.053048 0.102881
5 0.260802 0.669753 0.061343 0.048868
5 0.353009 0.582562 0.039352 0.051955
5 0.339024 0.513889 0.036073 0.034979
5 0.430170 0.510545 0.037037 0.052984
5 0.482350 0.596579 0.057677 0.047582
5 0.490548 0.661651 0.044367 0.023405
5 0.582272 0.533565 0.021798 0.034208
1 0.274595 0.447145 0.013310 0.033179
1 0.364487 0.342721 0.005208 0.028549
1 0.525752 0.321373 0.007523 0.027006
0 0.505112 0.442387 0.186535 0.355967
0 0.648534 0.511960 0.207562 0.509516
0 0.378472 0.414352 0.124614 0.286523
0 0.536555 0.676955 0.332369 0.646091
0 0.245756 0.694187 0.322917 0.611626