5 0.117915 0.829833 0.068489 0.098937
5 0.173077 0.816422 0.053306 0.087298
5 0.324055 0.780491 0.062078 0.068067
5 0.429909 0.775430 0.048752 0.113613
5 0.639592 0.708249 0.048077 0.125506
5 0.601721 0.798456 0.072874 0.069079
5 0.751265 0.579960 0.092611 0.091093
6 0.173499 0.493548 0.107456 0.198634
2 0.186150 0.522141 0.082827 0.144990
1 0.134109 0.511387 0.020580 0.053138
1 0.444922 0.224570 0.008266 0.054909
1 0.537702 0.225329 0.010628 0.054909
6 0.492578 0.226468 0.101552 0.237348
2 0.490216 0.266068 0.084345 0.156123
1 0.793860 0.493927 0.022605 0.067308
6 0.789811 0.481908 0.126518 0.262399
0 0.509868 0.468244 0.308873 0.728492
0 0.773279 0.662829 0.417341 0.674342
0 0.203104 0.612095 0.304318 0.434717