2 0.374028 0.306250 0.105833 0.173333
6 0.381944 0.259167 0.135000 0.271667
2 0.633333 0.458750 0.082222 0.168333
6 0.601250 0.432917 0.146944 0.220833
2 0.406667 0.642083 0.052222 0.091667
6 0.433611 0.659375 0.107222 0.130417
1 0.430139 0.315417 0.021389 0.058333
1 0.321528 0.283333 0.011944 0.060833
1 0.585833 0.488333 0.028889 0.052500
5 0.306250 0.722292 0.069722 0.083750
5 0.319306 0.651667 0.028611 0.050833
5 0.365972 0.659583 0.031944 0.040833
0 0.682917 0.606042 0.310278 0.572083
0 0.395833 0.647917 0.182222 0.156667
0 0.329722 0.518958 0.396111 0.792083