6 0.213983 0.347642 0.211864 0.152830
2 0.270657 0.360967 0.098517 0.127123
6 0.587394 0.377594 0.138771 0.132547
2 0.576271 0.391274 0.114407 0.105189
6 0.807027 0.268632 0.201624 0.183019
2 0.773305 0.293396 0.132062 0.130660
5 0.394244 0.600590 0.121822 0.088443
5 0.379061 0.625118 0.104167 0.062500
5 0.477401 0.538443 0.055791 0.065566
5 0.604167 0.794104 0.106638 0.091981
1 0.208510 0.358255 0.032133 0.043396
1 0.643362 0.399057 0.024011 0.025472
1 0.844456 0.280307 0.022952 0.036085
0 0.251236 0.635613 0.407839 0.728774
0 0.584569 0.655896 0.319562 0.688208
0 0.775424 0.588561 0.449153 0.822877