6 0.107107 0.431428 0.214215 0.268271
6 0.589215 0.218191 0.133698 0.115024
6 0.789513 0.168643 0.284791 0.245620
2 0.605368 0.238719 0.093936 0.090957
2 0.727634 0.211821 0.158549 0.179791
2 0.182157 0.504070 0.059145 0.096443
1 0.545229 0.238807 0.030815 0.038754
1 0.825795 0.181384 0.052187 0.077508
5 0.455765 0.496372 0.108847 0.125995
5 0.578902 0.595204 0.121521 0.086533
5 0.655070 0.453460 0.077535 0.067776
0 0.589339 0.242435 0.130467 0.158556
0 0.765905 0.536188 0.468191 0.927623
0 0.259568 0.621837 0.519135 0.682711