2 0.359500 0.120250 0.038000 0.131500
6 0.331333 0.093000 0.095333 0.186000
2 0.439750 0.183875 0.073167 0.136750
6 0.439083 0.163750 0.084500 0.181000
2 0.636083 0.546625 0.056833 0.152750
6 0.606000 0.519375 0.119667 0.211250
5 0.408750 0.480000 0.073167 0.059500
5 0.435917 0.421375 0.051500 0.054750
5 0.375583 0.614625 0.040500 0.074250
5 0.675167 0.821125 0.042333 0.081250
5 0.701667 0.793375 0.058333 0.074250
1 0.402167 0.160375 0.013667 0.030750
0 0.338583 0.495250 0.246167 0.990000
0 0.609250 0.704000 0.243167 0.579500
0 0.448417 0.534125 0.224833 0.929250