6 0.673032 0.415895 0.109568 0.184156
6 0.705536 0.807742 0.192323 0.280607
6 0.253762 0.557999 0.163387 0.255401
6 0.346644 0.168724 0.166667 0.257716
2 0.351755 0.204733 0.107446 0.181070
2 0.673515 0.431070 0.086998 0.136831
1 0.719039 0.417052 0.007137 0.047068
1 0.625193 0.420525 0.011188 0.032922
1 0.314140 0.595550 0.016397 0.052212
1 0.178723 0.574717 0.010995 0.041924
5 0.465664 0.641461 0.090278 0.049897
5 0.833237 0.818673 0.047261 0.070473
5 0.057002 0.579218 0.040316 0.121399
0 0.271605 0.416024 0.483410 0.754887
0 0.731481 0.655864 0.537037 0.688272
0 0.357157 0.714635 0.536844 0.570730