6 0.064394 0.383170 0.121753 0.204248
2 0.089692 0.401961 0.070076 0.164216
6 0.296807 0.246732 0.103355 0.200980
2 0.308171 0.271650 0.081710 0.150327
6 0.719156 0.367851 0.079545 0.152369
2 0.715503 0.380106 0.068994 0.129493
6 0.927083 0.235090 0.120942 0.235703
2 0.894616 0.279208 0.054924 0.148284
5 0.340909 0.713440 0.079545 0.060049
5 0.638528 0.538603 0.062229 0.095997
5 0.634199 0.545139 0.038420 0.065768
5 0.856196 0.877451 0.034903 0.148693
5 0.848350 0.664828 0.041937 0.117239
1 0.049242 0.409109 0.015152 0.027369
1 0.262581 0.239992 0.017587 0.053513
1 0.752435 0.371732 0.010823 0.034314
1 0.683036 0.388072 0.008387 0.032680
0 0.713474 0.645221 0.311688 0.709559
0 0.263528 0.522059 0.227814 0.752451
0 0.139475 0.594363 0.278409 0.626634
0 0.913555 0.557394 0.172890 0.885212