5 0.841357 0.903092 0.008121 0.005226
5 0.894722 0.914307 0.005800 0.008493
5 0.946491 0.907230 0.005510 0.009146
6 0.917923 0.867705 0.013341 0.017204
6 0.827001 0.866725 0.015371 0.016551
6 0.910818 0.854639 0.010731 0.011106
6 0.959687 0.854747 0.012181 0.010453
6 0.994635 0.859647 0.010731 0.013284
2 0.825261 0.868902 0.008411 0.010017
2 0.911108 0.855727 0.008411 0.008493
2 0.995795 0.861389 0.008411 0.010671
7 0.831787 0.885997 0.030742 0.039416
7 0.921549 0.894817 0.054234 0.041376
7 0.959832 0.874347 0.020012 0.028310
7 0.907918 0.866180 0.014211 0.023301
7 0.992894 0.878158 0.014211 0.025915
0 0.835267 0.900588 0.041763 0.088197
0 0.920244 0.908645 0.056265 0.097779
0 0.963457 0.880989 0.027842 0.069469
0 0.990574 0.884800 0.018852 0.065767