6 0.392150 0.502068 0.104748 0.102450
6 0.635767 0.513443 0.109043 0.095291
6 0.786805 0.608893 0.136244 0.096564
6 0.218206 0.584076 0.107134 0.079383
1 0.348008 0.506284 0.013123 0.018613
1 0.440587 0.498250 0.006442 0.013999
1 0.191601 0.618199 0.020043 0.010500
1 0.676688 0.526408 0.020043 0.022908
1 0.803269 0.630846 0.026485 0.027840
5 0.353853 0.668390 0.064424 0.073656
5 0.515748 0.657652 0.062754 0.062043
5 0.794679 0.708559 0.062754 0.065542
5 0.786328 0.696946 0.040802 0.050907
5 0.234073 0.661629 0.055834 0.046452
0 0.830947 0.670697 0.226438 0.305122
0 0.142567 0.699093 0.265092 0.313236
0 0.649606 0.554327 0.212598 0.176106
0 0.415056 0.581212 0.292770 0.258829