0 0.840426 0.548385 0.319149 0.359180
0 0.259693 0.487392 0.247045 0.320410
2 0.261466 0.375808 0.069031 0.064460
6 0.265248 0.371395 0.086525 0.089046
2 0.779787 0.446178 0.111348 0.123877
6 0.844917 0.444208 0.238298 0.153349
2 0.489835 0.474074 0.094563 0.076911
6 0.482979 0.467297 0.107801 0.090465
2 0.734161 0.355792 0.091489 0.072656
6 0.745154 0.337983 0.122931 0.107644
0 0.484279 0.539401 0.439953 0.234988
0 0.727541 0.436722 0.199764 0.310165
1 0.845863 0.459811 0.038298 0.034515
1 0.788298 0.346809 0.024823 0.027581
1 0.436170 0.475887 0.014657 0.021907
5 0.294090 0.498582 0.050591 0.037667
5 0.343499 0.505201 0.037825 0.034831
5 0.299645 0.624665 0.071631 0.047124
5 0.264066 0.708668 0.192435 0.085894
5 0.247636 0.836564 0.193617 0.138061
5 0.089835 0.571001 0.057210 0.056107
0 0.180615 0.830496 0.359811 0.339007
0 0.062884 0.522616 0.125296 0.247754