2 0.858875 0.617917 0.148750 0.123500
2 0.666500 0.659667 0.130500 0.095667
2 0.551375 0.607583 0.067750 0.059500
6 0.869625 0.569833 0.247750 0.231667
6 0.668000 0.615583 0.160500 0.165500
6 0.564875 0.597500 0.101250 0.105667
1 0.954125 0.584000 0.040250 0.054667
1 0.717250 0.615083 0.035000 0.032167
5 0.454000 0.735750 0.077000 0.026833
5 0.484500 0.785083 0.096500 0.055167
5 0.536500 0.856083 0.093500 0.055833
5 0.614500 0.916583 0.178000 0.113833
0 0.767500 0.743583 0.465000 0.512833
0 0.530000 0.637833 0.230500 0.197333
0 0.749000 0.719500 0.329500 0.348333