2 0.405286 0.334548 0.049429 0.080154
6 0.414714 0.312688 0.070571 0.132447
2 0.228286 0.275182 0.057143 0.090013
6 0.222429 0.250107 0.071143 0.143592
6 0.708571 0.455208 0.181143 0.288041
2 0.975429 0.403343 0.049143 0.141449
6 0.967286 0.371196 0.065429 0.208315
1 0.436571 0.328761 0.016571 0.037720
1 0.648000 0.512002 0.022286 0.085298
1 0.195571 0.247107 0.010000 0.032147
5 0.545143 0.617231 0.077143 0.132019
5 0.611143 0.580583 0.057143 0.087012
5 0.230286 0.490570 0.046286 0.058723
5 0.354286 0.429919 0.041714 0.055722
0 0.245143 0.471925 0.305714 0.576940
0 0.405571 0.544149 0.153429 0.590227
0 0.956714 0.511359 0.086571 0.516931
0 0.753000 0.648950 0.494000 0.702100