6 0.420510 0.167500 0.131609 0.108000
6 0.715598 0.209875 0.123360 0.098250
2 0.719348 0.208250 0.091114 0.077000
2 0.412448 0.173250 0.096738 0.085500
1 0.669104 0.217625 0.019123 0.026750
1 0.763217 0.218250 0.016123 0.025500
1 0.467754 0.184375 0.018373 0.028250
1 0.365579 0.187250 0.013498 0.024000
5 0.774278 0.524875 0.058493 0.072750
5 0.602737 0.533250 0.052868 0.077500
5 0.541057 0.521875 0.054743 0.052250
5 0.296025 0.519375 0.079115 0.061750
0 0.751219 0.527125 0.375328 0.757250
0 0.400262 0.465625 0.332583 0.798250