6 0.136409 0.399691 0.038194 0.086861
6 0.210193 0.432099 0.036954 0.078483
6 0.283854 0.447972 0.038938 0.074074
6 0.351438 0.472663 0.039683 0.084656
6 0.421751 0.456570 0.034970 0.078042
6 0.504464 0.394180 0.036210 0.084656
6 0.584945 0.470018 0.037450 0.082892
6 0.647569 0.465608 0.036706 0.076720
6 0.736855 0.412257 0.042659 0.090829
6 0.829613 0.370811 0.044643 0.099647
3 0.116691 0.515873 0.043403 0.064374
3 0.197669 0.542989 0.037202 0.055996
3 0.235987 0.687831 0.019593 0.073192
3 0.330481 0.528660 0.019593 0.067901
3 0.388021 0.501764 0.019097 0.070547
3 0.432788 0.636464 0.024802 0.055115
3 0.472346 0.499559 0.019593 0.064374
3 0.543651 0.659392 0.015873 0.059524
3 0.554688 0.530644 0.018601 0.062169
3 0.625744 0.703924 0.018849 0.055996
3 0.708953 0.533951 0.023562 0.053792
3 0.753100 0.532628 0.042907 0.052028
3 0.787326 0.654982 0.018105 0.048060
3 0.856895 0.569224 0.035218 0.044974
0 0.127480 0.647046 0.122024 0.590388
0 0.199157 0.674383 0.104167 0.565697
0 0.273562 0.688051 0.102183 0.554233
0 0.342758 0.700617 0.078869 0.537919
0 0.413318 0.692460 0.098958 0.546296
0 0.503844 0.668210 0.112847 0.636243
0 0.590278 0.696208 0.089782 0.535273
0 0.672743 0.706790 0.105903 0.563492
0 0.746776 0.675926 0.118056 0.612875
0 0.843874 0.657848 0.126736 0.657848