6 0.871378 0.336156 0.147306 0.126103
6 0.253994 0.334264 0.151638 0.122320
6 0.593149 0.625113 0.338207 0.283192
2 0.274438 0.349216 0.096669 0.091335
2 0.865150 0.348856 0.119686 0.085930
1 0.213647 0.352819 0.030328 0.028643
1 0.930003 0.340119 0.024100 0.035309
5 0.747360 0.451630 0.079069 0.095478
5 0.442729 0.448027 0.081776 0.081066
5 0.387896 0.509998 0.053886 0.025581
5 0.210940 0.537651 0.104522 0.076923
5 0.102627 0.684291 0.086650 0.079085
0 0.841863 0.416502 0.316274 0.327869
0 0.259680 0.420195 0.266992 0.303549