2 0.427621 0.533810 0.055060 0.084638
6 0.426411 0.510892 0.065346 0.131382
2 0.544698 0.505786 0.050522 0.097572
6 0.550295 0.487974 0.064741 0.133197
2 0.311526 0.524847 0.037362 0.098934
6 0.299803 0.515884 0.061715 0.116860
1 0.398124 0.513047 0.006353 0.028591
1 0.456361 0.516224 0.006353 0.030406
1 0.571850 0.500567 0.011647 0.029499
5 0.330056 0.695258 0.021479 0.033583
5 0.528211 0.568527 0.050219 0.059224
5 0.542278 0.669163 0.035698 0.040844
0 0.592119 0.710120 0.181969 0.579759
0 0.413175 0.720899 0.187112 0.558203
0 0.272349 0.726231 0.191953 0.547538