6 0.162816 0.215886 0.087600 0.153884
2 0.188996 0.235433 0.035239 0.113297
6 0.262051 0.209661 0.060672 0.120020
2 0.256566 0.224477 0.049368 0.088894
6 0.817736 0.242779 0.091257 0.133466
2 0.795379 0.261828 0.045878 0.094871
5 0.267620 0.456922 0.050532 0.059263
5 0.282164 0.493401 0.036070 0.048556
5 0.766290 0.503113 0.080785 0.084910
5 0.734707 0.480702 0.029588 0.079930
1 0.167969 0.232943 0.012134 0.038596
1 0.284076 0.225722 0.008976 0.018675
1 0.824634 0.249875 0.014628 0.043078
0 0.302693 0.455055 0.206449 0.610309
0 0.782580 0.506101 0.371343 0.659114
0 0.211602 0.479208 0.294548 0.679034