2 0.511604 0.369513 0.148530 0.134447
6 0.512378 0.344121 0.179990 0.185918
2 0.233368 0.357032 0.129964 0.111895
6 0.232336 0.335428 0.154719 0.157170
2 0.761217 0.429162 0.151109 0.146669
6 0.792161 0.415992 0.214544 0.174040
1 0.856240 0.422104 0.038422 0.050267
1 0.593476 0.350060 0.017277 0.045963
1 0.163100 0.336030 0.010572 0.018592
5 0.703455 0.681184 0.084580 0.064727
5 0.651625 0.685918 0.049510 0.065588
0 0.210547 0.389912 0.399948 0.269237
0 0.553249 0.485540 0.375193 0.470821
0 0.813306 0.548890 0.373388 0.464968