6 0.194696 0.374315 0.034951 0.049068
2 0.190070 0.381031 0.020354 0.034539
6 0.442845 0.608004 0.047697 0.071820
2 0.452097 0.625000 0.020559 0.035636
1 0.448396 0.612527 0.009457 0.019463
1 0.199733 0.368558 0.006373 0.017270
5 0.214947 0.513158 0.022410 0.031250
5 0.205387 0.523300 0.011513 0.030702
5 0.508429 0.792352 0.028783 0.036458
5 0.802015 0.570450 0.007401 0.031798
0 0.225535 0.516584 0.096628 0.331414
0 0.436883 0.785636 0.173109 0.428728
4 0.191406 0.363761 0.028783 0.027412
0 0.766961 0.525219 0.108758 0.231360