6 0.755322 0.387323 0.175561 0.139607
6 0.502187 0.556873 0.137066 0.127163
6 0.268446 0.419211 0.161855 0.131441
2 0.284339 0.432141 0.104987 0.098192
2 0.510061 0.578164 0.107903 0.081859
2 0.755614 0.409586 0.116069 0.105969
1 0.693351 0.390531 0.014290 0.034805
1 0.818606 0.397531 0.018664 0.031694
1 0.450714 0.571067 0.007874 0.015555
5 0.076553 0.779020 0.123943 0.052693
5 0.876495 0.637274 0.121027 0.089636
0 0.797317 0.533249 0.373287 0.457126
0 0.197142 0.578067 0.370954 0.459654
0 0.515602 0.580401 0.323126 0.174217