2 0.192947 0.458589 0.050690 0.083145
6 0.193809 0.438531 0.059318 0.125202
2 0.348469 0.509382 0.045082 0.087674
6 0.346743 0.491588 0.061044 0.121967
2 0.499569 0.414105 0.050043 0.097056
6 0.497951 0.401165 0.066652 0.124879
2 0.688417 0.374798 0.052847 0.104497
6 0.688309 0.364607 0.062123 0.124879
2 0.814172 0.453898 0.050690 0.093821
6 0.812338 0.448075 0.057377 0.109350
1 0.220341 0.447913 0.007550 0.029440
1 0.374029 0.510191 0.006471 0.029117
1 0.661130 0.379327 0.007334 0.028146
1 0.715056 0.379165 0.007765 0.031058
1 0.787748 0.466677 0.007765 0.023617
1 0.839085 0.453575 0.004314 0.019411
5 0.350626 0.726787 0.051553 0.048204
5 0.352028 0.723714 0.046160 0.040764
5 0.498598 0.718214 0.067947 0.059528
5 0.518766 0.708023 0.047886 0.061792
5 0.603538 0.841961 0.029767 0.077968
5 0.762295 0.848593 0.033218 0.081527
5 0.771570 0.886121 0.025022 0.043999
5 0.897541 0.871563 0.031061 0.080880
0 0.516070 0.669848 0.190466 0.660304
0 0.348253 0.711906 0.142580 0.576189
0 0.684211 0.651407 0.196290 0.697185
0 0.207183 0.688450 0.171053 0.623099
0 0.845664 0.693465 0.149051 0.613070