6 0.109863 0.417725 0.039388 0.067871
2 0.112467 0.426514 0.030273 0.046387
6 0.170410 0.449707 0.028320 0.054688
2 0.173340 0.456787 0.021159 0.035645
6 0.303711 0.404785 0.020833 0.032227
6 0.332520 0.454590 0.017253 0.034180
6 0.447917 0.422363 0.016927 0.032227
6 0.478027 0.415771 0.023112 0.041504
2 0.479980 0.421143 0.016602 0.026855
6 0.512858 0.414795 0.026367 0.052246
2 0.513509 0.422607 0.021810 0.033691
6 0.621745 0.400391 0.037760 0.067383
2 0.624512 0.412598 0.032227 0.037109
6 0.758464 0.486328 0.061849 0.106445
2 0.767253 0.507812 0.042969 0.060547
5 0.146322 0.525879 0.027018 0.028320
5 0.162272 0.518799 0.015299 0.026855
5 0.189616 0.568115 0.018555 0.024902
5 0.193522 0.565918 0.017904 0.028320
5 0.337077 0.523682 0.010091 0.019043
5 0.252279 0.453857 0.004557 0.010254
5 0.472005 0.539551 0.012370 0.024414
5 0.535156 0.497070 0.009766 0.014648
5 0.813314 0.685303 0.032878 0.044434
5 0.650716 0.623779 0.017578 0.033691
0 0.757812 0.715820 0.145833 0.565430
0 0.621094 0.567139 0.081380 0.405762
0 0.521484 0.525635 0.067057 0.272949
0 0.478841 0.500732 0.039062 0.213379
0 0.425130 0.472412 0.065104 0.136230
0 0.184896 0.537354 0.083333 0.227051
0 0.128255 0.582764 0.110026 0.400879
0 0.296712 0.482178 0.093424 0.189941
0 0.036133 0.547119 0.070312 0.100098