6 0.819625 0.218333 0.360750 0.434000
5 0.487125 0.569250 0.242250 0.138833
5 0.659875 0.447583 0.221250 0.109167
1 0.848750 0.342083 0.114000 0.102167
2 0.326875 0.411917 0.033250 0.031500
2 0.192875 0.441583 0.031750 0.022167
2 0.217250 0.308750 0.039000 0.030500
2 0.412250 0.219833 0.032000 0.025000
2 0.370250 0.342250 0.020000 0.014167
2 0.462750 0.310250 0.016000 0.017833
2 0.356250 0.279417 0.013500 0.009167
2 0.297000 0.236917 0.014500 0.012167
2 0.266375 0.449917 0.026750 0.022167
2 0.428875 0.384167 0.011250 0.009000
0 0.260375 0.329083 0.136250 0.094833
0 0.341875 0.420000 0.088750 0.060333
0 0.478000 0.320167 0.055000 0.043667
0 0.442250 0.239083 0.105000 0.082500
0 0.368625 0.288083 0.051750 0.042500
0 0.219625 0.433417 0.097750 0.044167
0 0.285125 0.465417 0.063250 0.057500
6 0.464375 0.310500 0.022750 0.023000
6 0.370875 0.343500 0.023750 0.016667
6 0.325000 0.414333 0.043000 0.038667
6 0.205375 0.432750 0.068750 0.042833
6 0.266250 0.449417 0.025500 0.023833
6 0.218625 0.307500 0.054250 0.049667
6 0.298250 0.238000 0.021500 0.019000
6 0.412125 0.220417 0.041250 0.034833
5 0.255625 0.374167 0.041250 0.026667
5 0.396875 0.356833 0.014250 0.010000
5 0.379500 0.367083 0.017000 0.011500
5 0.481625 0.333167 0.020250 0.012667
5 0.270250 0.464333 0.019000 0.017000
5 0.333500 0.252583 0.022000 0.016500