2 0.322852 0.398177 0.018359 0.022396
6 0.321094 0.387240 0.022656 0.044271
2 0.729492 0.365885 0.019141 0.022396
6 0.728125 0.357031 0.024219 0.045313
1 0.313281 0.393750 0.003906 0.011458
3 0.361523 0.481771 0.019922 0.023958
5 0.704492 0.472656 0.012891 0.025521
5 0.750000 0.471354 0.011719 0.021875
5 0.951562 0.540885 0.018750 0.036979
4 0.729297 0.345573 0.028125 0.029687
4 0.321094 0.378125 0.025000 0.027083
0 0.725586 0.408333 0.062891 0.158333
0 0.327930 0.438802 0.088672 0.150521
0 0.966406 0.528125 0.067187 0.359375