6 0.774804 0.636267 0.032596 0.067287
2 0.409469 0.108972 0.034261 0.063055
2 0.665120 0.641557 0.025458 0.051629
2 0.787533 0.694879 0.029027 0.033855
1 0.678563 0.651714 0.009517 0.024545
1 0.761361 0.642404 0.006186 0.018620
3 0.453248 0.265764 0.029503 0.042319
3 0.610397 0.493441 0.025934 0.072789
3 0.586367 0.554380 0.036403 0.052476
3 0.720557 0.808295 0.015941 0.027931
3 0.745777 0.916420 0.025934 0.046128
5 0.736498 0.892510 0.017369 0.045705
5 0.863074 0.875582 0.015465 0.043165
5 0.338806 0.269361 0.020937 0.052052
5 0.593505 0.942446 0.013086 0.041473
0 0.394480 0.185569 0.142279 0.308506
0 0.641447 0.725349 0.142755 0.549302
0 0.794076 0.795599 0.155365 0.408802
0 0.752201 0.719001 0.069236 0.253068
0 0.613015 0.850190 0.059719 0.261532