6 0.792378 0.474595 0.050591 0.042488
6 0.659823 0.447657 0.052234 0.043364
6 0.538765 0.454665 0.061104 0.049934
6 0.348226 0.487954 0.059790 0.053438
6 0.246058 0.473500 0.052562 0.050810
2 0.791721 0.475471 0.040079 0.031099
2 0.660151 0.449080 0.045007 0.034823
2 0.529566 0.457731 0.036137 0.037670
2 0.350361 0.494525 0.045664 0.032852
2 0.243594 0.480618 0.041064 0.033947
1 0.373357 0.493101 0.005585 0.014674
1 0.556833 0.461564 0.007884 0.010731
1 0.815210 0.473719 0.004928 0.013579
1 0.683147 0.451708 0.006242 0.014674
1 0.638469 0.453898 0.006899 0.014236
1 0.267740 0.477113 0.007227 0.014674
5 0.854139 0.633815 0.026938 0.029785
5 0.716327 0.616951 0.031866 0.032413
5 0.747865 0.633049 0.022668 0.034385
5 0.603482 0.621551 0.018397 0.036794
5 0.550591 0.563732 0.028252 0.024967
5 0.533673 0.567346 0.043693 0.028690
5 0.357096 0.583333 0.040736 0.025624
5 0.279895 0.607315 0.022339 0.020149
0 0.669021 0.610053 0.155388 0.397941
0 0.233246 0.616075 0.126150 0.361805
0 0.542543 0.619689 0.164586 0.400569
0 0.352332 0.634144 0.138962 0.359396
0 0.805355 0.619141 0.136991 0.350854