6 0.368634 0.562826 0.009838 0.008030
6 0.319589 0.594184 0.009549 0.006076
6 0.399161 0.537326 0.007812 0.008681
6 0.495660 0.491645 0.007523 0.007595
6 0.472946 0.489909 0.006655 0.007595
6 0.464265 0.496094 0.005498 0.006510
6 0.512442 0.465820 0.005208 0.008030
6 0.518808 0.470920 0.005208 0.004774
6 0.544416 0.445204 0.006076 0.005859
6 0.571325 0.431749 0.007234 0.007595
6 0.628617 0.393663 0.003183 0.006944
6 0.640770 0.393446 0.003762 0.005208
6 0.649884 0.393338 0.002894 0.005425
6 0.693721 0.393012 0.004919 0.005642
6 0.699797 0.395182 0.004919 0.004774
6 0.790654 0.393663 0.009549 0.010851
6 0.523727 0.971571 0.011574 0.016493
6 0.447049 0.762912 0.006366 0.011068
6 0.475260 0.751194 0.008391 0.008898
6 0.480324 0.740668 0.005787 0.008681
6 0.502894 0.707031 0.006366 0.007812
6 0.508825 0.702040 0.004919 0.007812
6 0.523872 0.684245 0.006655 0.007812
6 0.534144 0.678277 0.006366 0.005425
6 0.562500 0.657661 0.005208 0.006727
6 0.561053 0.663845 0.005208 0.006076
6 0.620515 0.655273 0.004919 0.006293
6 0.577112 0.710286 0.006655 0.007812
6 0.567130 0.706489 0.005787 0.008030
6 0.570747 0.790907 0.007234 0.011502
6 0.546007 0.789062 0.009259 0.007378
6 0.599248 0.806749 0.009259 0.009766
6 0.578270 0.811089 0.007812 0.012370
6 0.661892 0.787218 0.007234 0.009766
6 0.618490 0.778646 0.008391 0.011285
6 0.661603 0.762587 0.009549 0.009549
6 0.648872 0.766276 0.007812 0.010851
6 0.622106 0.754991 0.008681 0.007812
6 0.656684 0.733073 0.007234 0.007378
6 0.654803 0.726888 0.006944 0.007595
6 0.628183 0.730360 0.009838 0.011936
6 0.627894 0.722548 0.008102 0.007595
6 0.632668 0.688368 0.007234 0.009115
6 0.657841 0.693793 0.005498 0.007812
6 0.663484 0.689562 0.006366 0.009766
6 0.653356 0.564779 0.002894 0.004123
6 0.054977 0.800998 0.015046 0.013889
5 0.571470 0.439128 0.002894 0.003689
5 0.498987 0.508030 0.003183 0.003472
5 0.626157 0.672418 0.002894 0.002821
5 0.538773 0.687174 0.003472 0.004557
5 0.565394 0.666233 0.002894 0.003906
5 0.633681 0.760091 0.004630 0.007595
5 0.630208 0.770074 0.004630 0.004991
5 0.562500 0.856011 0.005208 0.003689
6 0.561632 0.840169 0.010995 0.011936
5 0.526765 0.993924 0.008970 0.006510
5 0.065538 0.821181 0.007234 0.008681
0 0.367477 0.578451 0.022569 0.041016
0 0.404369 0.546224 0.030382 0.029514
0 0.496238 0.521159 0.004630 0.004123
0 0.461950 0.506836 0.018808 0.029731
0 0.475550 0.496745 0.017650 0.022135
0 0.543837 0.455838 0.021701 0.027127
0 0.575231 0.797309 0.024306 0.023003
0 0.549479 0.797852 0.022569 0.025391
0 0.791233 0.399740 0.023438 0.023003
0 0.617188 0.788194 0.021991 0.029514
0 0.651042 0.404297 0.010417 0.025608
0 0.640914 0.403863 0.011574 0.027344
0 0.628038 0.398003 0.014178 0.014323
0 0.691262 0.404622 0.008681 0.027561
0 0.699797 0.404188 0.013021 0.025825
0 0.619647 0.670790 0.013600 0.038628
0 0.630932 0.692166 0.013021 0.018012
0 0.660590 0.699002 0.011574 0.019531
0 0.664786 0.691081 0.007812 0.014106
0 0.659722 0.740343 0.015046 0.021050
0 0.658999 0.732964 0.015914 0.018446
0 0.624132 0.735135 0.016782 0.023220
0 0.623987 0.760091 0.024016 0.021918
0 0.651186 0.770833 0.015336 0.019965
0 0.662616 0.770182 0.017361 0.024740
0 0.661748 0.793403 0.026042 0.024740
0 0.600550 0.811523 0.017072 0.019314
0 0.576678 0.812826 0.020255 0.015408
0 0.570457 0.859592 0.028067 0.054253
0 0.473524 0.756293 0.020544 0.021701
0 0.482350 0.744683 0.009838 0.015408
0 0.450955 0.764974 0.015336 0.017361
0 0.501736 0.711589 0.012731 0.019097
0 0.513310 0.703885 0.012731 0.014540
0 0.524740 0.698242 0.018808 0.037977
0 0.538484 0.689887 0.018519 0.030816
0 0.556424 0.667535 0.013889 0.015191
0 0.519821 0.476345 0.014178 0.017795
0 0.575810 0.439128 0.023727 0.021050
0 0.049045 0.840386 0.037905 0.093967
0 0.520689 0.980686 0.043113 0.038628