2 0.409167 0.282125 0.105333 0.215750
6 0.402083 0.253500 0.121500 0.268500
2 0.259500 0.315750 0.090000 0.188000
6 0.230167 0.281375 0.153000 0.261250
2 0.750167 0.401875 0.102333 0.184750
6 0.764167 0.369375 0.132667 0.245750
1 0.204250 0.279875 0.022167 0.063750
1 0.352500 0.243750 0.023333 0.078000
1 0.803083 0.400375 0.015167 0.055250
5 0.457250 0.711750 0.095833 0.147500
5 0.689917 0.754125 0.056500 0.092250
0 0.755417 0.619375 0.301833 0.750250
0 0.413583 0.558375 0.341167 0.883250
0 0.293583 0.570625 0.420500 0.841750