6 0.339193 0.262731 0.112630 0.277778
2 0.344564 0.318721 0.098633 0.165220
6 0.493815 0.455874 0.095052 0.228299
2 0.488851 0.493200 0.075358 0.154225
6 0.685140 0.239873 0.083822 0.195602
2 0.676676 0.257668 0.065267 0.160012
6 0.594482 0.136719 0.087077 0.208044
2 0.595622 0.166233 0.064290 0.150752
5 0.244954 0.823061 0.059896 0.091725
5 0.304850 0.825810 0.038086 0.053241
5 0.720133 0.548322 0.072103 0.096644
1 0.294840 0.263889 0.018066 0.064236
1 0.630371 0.162616 0.014648 0.049769
1 0.561117 0.163484 0.008952 0.041667
1 0.715413 0.266493 0.009928 0.028356
1 0.530029 0.491175 0.012533 0.046586
1 0.449382 0.468750 0.004883 0.034144
0 0.247721 0.496383 0.305990 0.745660
0 0.705892 0.505642 0.277995 0.727720
0 0.492106 0.592159 0.213379 0.499711
0 0.588867 0.364583 0.152995 0.662616