6 0.950250 0.206250 0.099500 0.106167
6 0.843875 0.605333 0.312250 0.314000
6 0.533125 0.444250 0.133250 0.123833
2 0.512875 0.471250 0.085250 0.068500
6 0.352125 0.291667 0.104250 0.108667
2 0.353000 0.305417 0.087500 0.080500
5 0.248750 0.890583 0.138500 0.109167
5 0.272000 0.465417 0.047500 0.017833
5 0.366625 0.497500 0.076750 0.033667
1 0.304875 0.291167 0.009250 0.026333
1 0.817000 0.636500 0.066500 0.086333
1 0.979500 0.220917 0.025500 0.026833
0 0.329625 0.423750 0.274750 0.370500
0 0.572750 0.557167 0.351500 0.350000
0 0.765625 0.723917 0.468750 0.552167
0 0.886875 0.300917 0.222750 0.300500
0 0.589125 0.721833 0.821750 0.556333