6 0.520500 0.394500 0.098000 0.223000
6 0.304333 0.286250 0.146667 0.250000
6 0.120750 0.167250 0.014167 0.026000
2 0.503750 0.446750 0.043833 0.105500
2 0.324583 0.354875 0.080500 0.106750
1 0.515667 0.417625 0.017667 0.050250
1 0.316250 0.306125 0.022500 0.052250
5 0.445750 0.721000 0.040500 0.056500
5 0.471583 0.784125 0.049500 0.049750
5 0.350500 0.761625 0.042333 0.078250
5 0.311250 0.641375 0.034500 0.068750
0 0.380417 0.745750 0.237167 0.508500
0 0.632500 0.637000 0.419000 0.706000
0 0.193250 0.588000 0.386500 0.801500
0 0.115833 0.192750 0.026667 0.079000