6 0.575181 0.681046 0.019022 0.031929
2 0.578918 0.688349 0.010190 0.019361
6 0.757360 0.707201 0.013813 0.027853
2 0.757360 0.710768 0.009737 0.020720
6 0.715466 0.675781 0.014719 0.030231
2 0.715580 0.681386 0.011322 0.017663
6 0.701427 0.689198 0.016531 0.021060
5 0.547441 0.754925 0.007020 0.016644
5 0.590127 0.762738 0.006341 0.013927
5 0.723166 0.737262 0.006567 0.013927
1 0.572464 0.685462 0.003170 0.009511
1 0.709013 0.677989 0.002264 0.006793
3 0.729053 0.757643 0.007020 0.022758
0 0.720901 0.735394 0.025589 0.152174
0 0.760303 0.750510 0.036911 0.114470
0 0.568501 0.736243 0.049139 0.142323
0 0.701427 0.743716 0.048234 0.132812