6 0.454537 0.585420 0.017126 0.028951
6 0.790872 0.588289 0.015007 0.026865
2 0.791667 0.594418 0.010946 0.012520
6 0.844809 0.552817 0.013065 0.026343
2 0.845516 0.558555 0.007415 0.012259
1 0.456568 0.589202 0.002825 0.007303
5 0.470957 0.668884 0.006886 0.011215
5 0.842691 0.577334 0.006709 0.009650
5 0.839071 0.579682 0.005473 0.008086
5 0.793609 0.635629 0.007415 0.007825
5 0.802878 0.624413 0.006886 0.013563
6 0.770304 0.455529 0.007415 0.015910
6 0.696593 0.480699 0.007592 0.013563
0 0.452684 0.658972 0.043432 0.177621
0 0.793785 0.646714 0.034958 0.142671
0 0.849047 0.606155 0.027189 0.134585
0 0.767479 0.505086 0.027542 0.117110
0 0.700830 0.502217 0.016066 0.060772
0 0.182203 0.514867 0.010593 0.055295