2 0.463340 0.201757 0.095723 0.136711
6 0.459521 0.180754 0.118635 0.180754
2 0.167006 0.431772 0.088595 0.143585
6 0.113671 0.417643 0.194756 0.170316
2 0.684827 0.547225 0.113035 0.095468
6 0.700484 0.497072 0.158605 0.196283
2 0.898422 0.670188 0.146130 0.192210
6 0.905932 0.617872 0.188136 0.295316
2 0.123854 0.675662 0.155041 0.213849
6 0.100687 0.626527 0.200866 0.312118
1 0.114308 0.475178 0.026477 0.033859
1 0.730015 0.530168 0.036405 0.042515
1 0.976706 0.665988 0.042515 0.065682
5 0.279022 0.751018 0.082994 0.080957
5 0.255474 0.662805 0.082739 0.043024
5 0.409241 0.891930 0.089358 0.067464
5 0.441446 0.501146 0.090122 0.040479
5 0.527240 0.533732 0.047352 0.069501
5 0.602851 0.684190 0.087576 0.070519
5 0.673498 0.741726 0.122454 0.071538
5 0.586431 0.940937 0.123473 0.087067
5 0.591268 0.985362 0.122963 0.029277
0 0.169170 0.579175 0.309318 0.494399
0 0.755474 0.734343 0.489053 0.531314
0 0.227724 0.728106 0.454939 0.534623
0 0.769094 0.699338 0.294807 0.601324
0 0.462704 0.382765 0.290988 0.587322