2 0.453750 0.369375 0.120167 0.205250
6 0.449833 0.325625 0.157000 0.286250
2 0.651667 0.180750 0.129667 0.207000
6 0.669917 0.141875 0.167500 0.283250
1 0.505667 0.347750 0.018000 0.057000
1 0.730917 0.108625 0.030500 0.072750
3 0.161833 0.615250 0.112000 0.141000
3 0.418333 0.796375 0.138000 0.062250
5 0.441583 0.692250 0.147167 0.106500
5 0.601667 0.830625 0.258667 0.189750
4 0.446500 0.253750 0.156667 0.145500
4 0.663583 0.051625 0.237500 0.102750
0 0.362833 0.591125 0.515667 0.817750
0 0.683500 0.500250 0.633000 0.999500