6 0.297299 0.451474 0.035080 0.060519
6 0.400631 0.388204 0.052693 0.078345
6 0.131000 0.554027 0.021283 0.024428
6 0.043593 0.540273 0.015558 0.028169
6 0.669309 0.575594 0.012623 0.026629
5 0.493028 0.393266 0.019962 0.025968
5 0.471452 0.404820 0.024365 0.034111
5 0.324967 0.411092 0.016439 0.021127
5 0.096800 0.556448 0.015118 0.018706
5 0.105607 0.579005 0.009541 0.018926
5 0.033319 0.547755 0.005578 0.016285
5 0.043960 0.555238 0.007779 0.019366
1 0.408998 0.403609 0.011302 0.025088
1 0.310876 0.460497 0.006165 0.016505
1 0.282401 0.456756 0.002348 0.012104
1 0.140100 0.561180 0.003082 0.011004
0 0.042199 0.598041 0.043300 0.145907
0 0.127917 0.625220 0.077939 0.166813
0 0.280273 0.561510 0.114047 0.324604
0 0.388375 0.612786 0.228680 0.529269
0 0.670483 0.597711 0.043446 0.071743
0 0.727433 0.596391 0.028769 0.080106