6 0.393519 0.440037 0.012108 0.018429
6 0.395032 0.425481 0.012286 0.016560
2 0.396724 0.429220 0.007123 0.008547
6 0.402155 0.459268 0.018697 0.035524
2 0.404113 0.466346 0.013711 0.022436
6 0.535078 0.459936 0.013177 0.024038
6 0.609063 0.449920 0.014423 0.026976
2 0.609509 0.455662 0.008903 0.014957
6 0.652956 0.424012 0.013889 0.027511
2 0.651264 0.428285 0.009437 0.018429
6 0.677528 0.438835 0.014957 0.022436
1 0.396278 0.460069 0.004095 0.009882
1 0.537215 0.461405 0.002849 0.006143
1 0.613248 0.447783 0.002493 0.005609
1 0.654825 0.424279 0.003027 0.007212
1 0.671118 0.442975 0.002493 0.007212
1 0.683405 0.442575 0.002849 0.006410
3 0.399929 0.559161 0.011040 0.017361
3 0.516738 0.499199 0.005698 0.014957
3 0.528846 0.506944 0.007479 0.013355
3 0.603989 0.504274 0.007123 0.013889
3 0.616364 0.500134 0.010506 0.011485
3 0.644053 0.453659 0.008191 0.015224
3 0.636841 0.500267 0.003739 0.013889
3 0.697472 0.528178 0.007479 0.013622
3 0.419516 0.531918 0.008191 0.018429
0 0.379184 0.478632 0.040064 0.097756
0 0.407407 0.528446 0.047721 0.173344
0 0.519676 0.509482 0.043981 0.126335
0 0.618145 0.499332 0.038640 0.133280
0 0.651709 0.494391 0.033476 0.170406
0 0.679309 0.510150 0.043447 0.164530