2 0.698958 0.311942 0.140179 0.255580
6 0.699330 0.263951 0.165030 0.351562
2 0.494717 0.439955 0.045685 0.080804
6 0.492708 0.416518 0.062798 0.130357
2 0.329315 0.576451 0.044643 0.110938
6 0.311533 0.559040 0.081101 0.148438
6 0.128869 0.459152 0.077381 0.126339
5 0.685417 0.881138 0.146726 0.168080
5 0.553125 0.725112 0.073214 0.139955
5 0.413318 0.712165 0.044792 0.059598
1 0.768824 0.312835 0.025149 0.070759
0 0.688988 0.535603 0.399702 0.923438
0 0.505952 0.484821 0.157738 0.276786
0 0.305134 0.742857 0.261458 0.514286