2 0.496192 0.405578 0.066756 0.130600
6 0.492309 0.382168 0.091846 0.176971
6 0.193324 0.455309 0.132467 0.236335
2 0.795699 0.497648 0.058841 0.172267
6 0.840278 0.454189 0.147999 0.260529
1 0.831989 0.484655 0.026284 0.061156
5 0.310484 0.577621 0.045998 0.124328
5 0.349537 0.536962 0.053913 0.091846
5 0.362903 0.668347 0.048387 0.074149
5 0.520087 0.482863 0.074522 0.067876
5 0.661514 0.671483 0.072431 0.128808
0 0.469833 0.502688 0.267025 0.416667
0 0.812201 0.662298 0.375597 0.675403
0 0.213187 0.669355 0.326314 0.661290