2 0.375149 0.265873 0.039597 0.085253
2 0.511947 0.330005 0.033965 0.075269
2 0.539939 0.265745 0.026114 0.065028
2 0.608807 0.286610 0.033794 0.062212
2 0.703448 0.359575 0.036354 0.062212
1 0.350572 0.253968 0.006144 0.028162
1 0.630824 0.278162 0.006486 0.012545
1 0.684161 0.360855 0.004608 0.013569
1 0.718894 0.358807 0.006486 0.023810
6 0.372675 0.254480 0.048302 0.112647
6 0.612391 0.270353 0.050862 0.095750
6 0.535672 0.259473 0.042840 0.083717
6 0.506827 0.316052 0.041475 0.100102
6 0.703106 0.348694 0.044547 0.086022
5 0.403311 0.369432 0.023212 0.061956
5 0.518775 0.535714 0.031575 0.036610
5 0.540963 0.532642 0.022017 0.044803
5 0.569892 0.511265 0.019799 0.048131
5 0.630483 0.506144 0.020823 0.052227
5 0.644308 0.516897 0.024578 0.052227
5 0.686209 0.499360 0.018263 0.034050
5 0.754736 0.597926 0.027650 0.059652
0 0.356716 0.564772 0.211640 0.723502
0 0.642345 0.518177 0.113501 0.593958
0 0.499403 0.602791 0.122888 0.666411
0 0.726575 0.589478 0.119133 0.552739
0 0.559140 0.483743 0.094555 0.541987