6 0.111461 0.672400 0.048905 0.044000
6 0.158716 0.666200 0.036604 0.033200
6 0.447945 0.667600 0.025803 0.020800
0 0.162916 0.771000 0.092409 0.244800
6 0.813531 0.678000 0.030303 0.028400
1 0.807081 0.678200 0.004800 0.007200
5 0.493999 0.740500 0.011701 0.010600
5 0.420792 0.689700 0.011101 0.011800
0 0.072607 0.811000 0.127213 0.324000
0 0.354635 0.761900 0.072607 0.165800
0 0.398890 0.748700 0.046505 0.127800
0 0.457396 0.736500 0.086709 0.161000
0 0.799580 0.707500 0.057006 0.088600
0 0.521002 0.687300 0.022502 0.051000