2 0.460529 0.463707 0.070534 0.100644
2 0.639523 0.342471 0.068474 0.143372
2 0.709370 0.332175 0.064012 0.180438
2 0.776901 0.309266 0.101596 0.209781
2 0.942766 0.210811 0.114467 0.368597
6 0.458040 0.428571 0.101939 0.165766
6 0.642269 0.333591 0.081174 0.172973
6 0.712717 0.317503 0.073108 0.226770
6 0.820748 0.257658 0.181054 0.302703
1 0.497083 0.420077 0.011841 0.033977
1 0.674790 0.346332 0.013043 0.042471
1 0.848035 0.278378 0.036211 0.090347
5 0.413592 0.636680 0.041531 0.076448
0 0.847692 0.553153 0.253475 0.893694
0 0.497512 0.527284 0.224129 0.350837
0 0.931097 0.520463 0.137807 0.959073
0 0.736228 0.554440 0.148619 0.692921
0 0.642698 0.498069 0.156513 0.483912