2 0.198686 0.349343 0.111010 0.191663
6 0.198006 0.327481 0.145295 0.238106
2 0.403564 0.307997 0.064341 0.124830
6 0.400619 0.276507 0.095605 0.163344
2 0.651186 0.240258 0.059055 0.111690
6 0.650355 0.227685 0.073403 0.130947
1 0.137593 0.323969 0.016614 0.059810
1 0.618638 0.229271 0.009666 0.038967
5 0.791497 0.594246 0.051805 0.087449
5 0.659417 0.613502 0.052258 0.096511
5 0.553995 0.569665 0.057997 0.093113
5 0.366485 0.421726 0.078991 0.083598
5 0.369280 0.946647 0.092433 0.106706
0 0.208201 0.603308 0.415496 0.790666
0 0.434678 0.508722 0.344057 0.628228
0 0.692343 0.477458 0.265821 0.630494