6 0.200932 0.370797 0.103070 0.074927
6 0.425439 0.362664 0.105811 0.102522
2 0.466968 0.356725 0.021107 0.064693
6 0.780154 0.626096 0.134320 0.098319
2 0.814419 0.631396 0.065789 0.082602
6 0.891859 0.578399 0.068257 0.056652
2 0.911047 0.579496 0.028235 0.045687
6 0.978207 0.585800 0.043586 0.052449
6 0.068668 0.613578 0.136787 0.144920
6 0.023712 0.514072 0.046875 0.054825
2 0.028509 0.515168 0.035088 0.045687
5 0.583745 0.508955 0.060033 0.034357
5 0.968202 0.783900 0.063596 0.067434
5 0.231086 0.870249 0.076754 0.076389
5 0.195450 0.799799 0.073465 0.069262
1 0.773849 0.644645 0.024671 0.024671
0 0.465872 0.605355 0.310581 0.579130
0 0.135280 0.770194 0.263432 0.459613
0 0.886787 0.640808 0.099232 0.189510
0 0.826891 0.789474 0.346217 0.421053