2 0.310323 0.432927 0.073415 0.057300
6 0.302055 0.422235 0.091456 0.078684
2 0.445628 0.499666 0.068905 0.057467
6 0.439489 0.484881 0.086695 0.089041
2 0.588950 0.430254 0.053871 0.053291
6 0.597970 0.418894 0.087447 0.076011
2 0.718617 0.477280 0.078677 0.047110
6 0.725507 0.457234 0.094463 0.090210
2 0.184164 0.538423 0.072162 0.057802
6 0.167377 0.524140 0.105738 0.086368
1 0.140316 0.537421 0.019043 0.018710
1 0.268980 0.435683 0.016287 0.017708
1 0.405036 0.493318 0.016788 0.020381
1 0.559008 0.415804 0.009020 0.021717
1 0.765096 0.466088 0.014783 0.015703
5 0.366074 0.516956 0.031070 0.032242
5 0.221123 0.709572 0.080431 0.033912
5 0.827362 0.672569 0.075670 0.034414
5 0.690428 0.656866 0.038336 0.023722
5 0.596091 0.530237 0.057129 0.031407
5 0.568279 0.550702 0.052618 0.032576
5 0.490980 0.665636 0.026810 0.035249
0 0.132924 0.706148 0.265848 0.453725
0 0.789025 0.549198 0.252067 0.279151
0 0.439238 0.568243 0.240541 0.254761
0 0.302806 0.539008 0.191180 0.311894