5 0.495635 0.698331 0.084047 0.093453
5 0.328227 0.649936 0.043307 0.061874
5 0.407994 0.666881 0.045361 0.047497
5 0.103817 0.749166 0.032694 0.056996
2 0.384885 0.512580 0.043992 0.092169
2 0.687778 0.278691 0.125300 0.214377
2 0.187093 0.448010 0.070181 0.088318
6 0.691202 0.253273 0.144813 0.262644
6 0.369137 0.502439 0.072749 0.115019
6 0.193085 0.426187 0.084560 0.117587
1 0.740928 0.284211 0.027559 0.060591
1 0.211828 0.449166 0.016946 0.030552
0 0.698990 0.404493 0.493153 0.617972
0 0.169291 0.645700 0.173571 0.595122
0 0.345430 0.697047 0.195481 0.581772