2 0.700016 0.656354 0.041726 0.115932
2 0.311206 0.579540 0.042674 0.092698
2 0.246088 0.611309 0.057847 0.146752
6 0.201596 0.595069 0.146199 0.179706
6 0.296428 0.560337 0.072862 0.131579
6 0.733681 0.646278 0.108424 0.137506
5 0.482614 0.786747 0.065908 0.060455
5 0.713292 0.871385 0.088826 0.056662
5 0.285127 0.831555 0.046151 0.068042
5 0.275644 0.886913 0.049629 0.062589
5 0.366682 0.679113 0.038565 0.045282
1 0.214320 0.599929 0.015173 0.041489
0 0.206417 0.750000 0.212739 0.500000
0 0.659238 0.789118 0.415995 0.421764