6 0.285613 0.759972 0.025641 0.030484
6 0.181090 0.756980 0.013889 0.014245
6 0.135328 0.767094 0.026353 0.026496
6 0.020299 0.751852 0.020655 0.017664
6 0.765313 0.753276 0.011396 0.011966
6 0.802172 0.757407 0.009615 0.009402
6 0.800036 0.766239 0.011040 0.012821
6 0.829060 0.766382 0.014957 0.014815
6 0.853276 0.763248 0.013533 0.013675
6 0.922365 0.766239 0.014245 0.014530
6 0.637108 0.759117 0.007123 0.008832
6 0.624466 0.767094 0.010328 0.011681
3 0.095620 0.794444 0.015313 0.015100
3 0.095976 0.837464 0.011752 0.014530
3 0.241809 0.779915 0.012108 0.017949
7 0.137464 0.812393 0.057692 0.064103
7 0.284010 0.806838 0.070869 0.067806
7 0.703348 0.813105 0.054131 0.077493
7 0.791845 0.856980 0.064459 0.064957
5 0.056090 0.733761 0.008903 0.012251
6 0.698718 0.756410 0.007835 0.011396
6 0.720085 0.758974 0.009259 0.010826
6 0.736111 0.757123 0.008547 0.012251
6 0.744836 0.759687 0.008903 0.008262
0 0.127137 0.849430 0.079060 0.192308
0 0.278134 0.842165 0.083333 0.192593
0 0.177172 0.790883 0.030271 0.086040
0 0.017450 0.802564 0.034900 0.120228
0 0.035969 0.810684 0.027778 0.105128
0 0.539530 0.871937 0.063390 0.066952
0 0.625000 0.791595 0.022080 0.066952
0 0.695691 0.853276 0.113604 0.211396
0 0.798611 0.875641 0.102208 0.133048
0 0.928419 0.809402 0.039886 0.105983
0 0.849537 0.792735 0.021724 0.074929
0 0.828526 0.799430 0.028134 0.080912
0 0.801816 0.790456 0.023148 0.062963
0 0.763533 0.780342 0.026353 0.067806
0 0.743234 0.770370 0.015670 0.038177
0 0.737001 0.788604 0.025285 0.039316
0 0.725783 0.763818 0.014245 0.022792
0 0.637642 0.767236 0.016026 0.025641