2 0.599561 0.686464 0.064961 0.109698
6 0.603195 0.642176 0.107965 0.197365
2 0.513174 0.513741 0.071775 0.104928
6 0.508783 0.476153 0.085706 0.178288
2 0.675273 0.555644 0.074955 0.130593
6 0.678150 0.524302 0.085857 0.192823
1 0.473804 0.489325 0.017262 0.037474
1 0.561781 0.668862 0.011508 0.041335
1 0.712674 0.532478 0.013174 0.042471
5 0.591611 0.791846 0.072380 0.077447
5 0.654376 0.873609 0.068292 0.125142
5 0.618337 0.881104 0.033767 0.076084
5 0.693595 0.785146 0.064355 0.066773
0 0.736978 0.700886 0.203210 0.550988
0 0.474864 0.676357 0.304967 0.573246
0 0.573365 0.757892 0.235161 0.431978