6 0.244917 0.534625 0.121500 0.204250
2 0.282917 0.560750 0.046500 0.122500
6 0.444833 0.560500 0.106667 0.193000
2 0.465083 0.587625 0.066833 0.136250
6 0.675417 0.569375 0.092833 0.170750
2 0.662667 0.591125 0.064000 0.128750
6 0.518417 0.479750 0.050833 0.089000
6 0.767250 0.473625 0.058500 0.079250
6 0.849167 0.488625 0.093333 0.176250
2 0.836417 0.508500 0.067500 0.136500
5 0.344500 0.793125 0.062333 0.073250
5 0.432167 0.786125 0.041667 0.059250
5 0.645833 0.791250 0.056000 0.060500
5 0.750833 0.786250 0.061667 0.066500
1 0.426000 0.583250 0.015667 0.039000
1 0.700417 0.593000 0.016500 0.032000
1 0.876000 0.513375 0.019667 0.038750
0 0.237667 0.715500 0.197000 0.569000
0 0.418917 0.716125 0.252833 0.549750
0 0.720917 0.741375 0.243167 0.517250
0 0.895417 0.701125 0.209167 0.597750
0 0.530250 0.558375 0.074833 0.250250
0 0.757917 0.552125 0.090833 0.239750