2 0.551534 0.341669 0.046719 0.079433
6 0.555546 0.323883 0.056883 0.116074
2 0.300196 0.277213 0.062589 0.113132
6 0.297878 0.260497 0.067582 0.148168
2 0.123573 0.278149 0.069187 0.132656
6 0.110378 0.253677 0.095578 0.188553
2 0.910752 0.329099 0.062233 0.109922
6 0.915835 0.301150 0.074180 0.166890
1 0.579708 0.336721 0.009986 0.030489
1 0.269526 0.256619 0.010164 0.040920
1 0.084433 0.260899 0.018010 0.046804
1 0.946683 0.305162 0.011769 0.037978
5 0.374465 0.556165 0.031384 0.032896
5 0.486448 0.594143 0.026034 0.047339
5 0.592903 0.653116 0.026391 0.056700
5 0.827835 0.626371 0.044401 0.064188
5 0.174394 0.692164 0.018188 0.063118
5 0.187678 0.637336 0.024429 0.047071
5 0.198199 0.604707 0.019437 0.020326
0 0.555278 0.498529 0.164765 0.467505
0 0.270061 0.491709 0.246969 0.613800
0 0.101462 0.573817 0.202568 0.852367
0 0.902461 0.578497 0.192939 0.723188