2 0.192073 0.690012 0.085226 0.129730
6 0.160818 0.682491 0.149303 0.143361
2 0.571596 0.424089 0.066896 0.130435
6 0.563215 0.411398 0.084913 0.155817
2 0.795394 0.219036 0.079586 0.153702
6 0.820931 0.201528 0.130973 0.187309
5 0.418377 0.728202 0.054050 0.111633
5 0.668259 0.887192 0.052170 0.068625
5 0.678599 0.537015 0.072223 0.087427
5 0.346232 0.883079 0.097446 0.109753
5 0.391117 0.854994 0.041830 0.042773
0 0.787091 0.543126 0.289519 0.871445
0 0.229281 0.805875 0.368322 0.388249
0 0.548097 0.624677 0.316622 0.588014