5 0.425000 0.821125 0.089333 0.096750
5 0.546917 0.809625 0.066167 0.099750
5 0.664583 0.594125 0.106167 0.082750
5 0.562000 0.642500 0.073333 0.097500
5 0.404667 0.408250 0.057667 0.114500
6 0.108083 0.430750 0.210167 0.371500
1 0.159250 0.450625 0.029167 0.112250
1 0.475500 0.294250 0.020000 0.057500
6 0.429667 0.278375 0.112333 0.249750
2 0.419750 0.309625 0.092500 0.186250
6 0.644667 0.287500 0.123000 0.244500
2 0.631667 0.322250 0.097667 0.170500
1 0.681417 0.281875 0.024167 0.071750
6 0.822750 0.237750 0.218167 0.418500
2 0.766000 0.316125 0.104000 0.261250
1 0.819917 0.293375 0.041167 0.105750
0 0.240833 0.596750 0.481667 0.803500
0 0.756917 0.513500 0.486167 0.973000
0 0.378917 0.426125 0.365500 0.546250
0 0.635583 0.436375 0.241500 0.543250