6 0.106985 0.068890 0.091090 0.137781
2 0.125478 0.098808 0.046768 0.076570
6 0.296118 0.302957 0.052728 0.129528
2 0.296959 0.324622 0.045239 0.084365
6 0.760125 0.538514 0.135565 0.258597
2 0.745147 0.593650 0.105609 0.148785
5 0.165368 0.488996 0.055021 0.069234
5 0.132661 0.493352 0.030873 0.047685
5 0.268302 0.499083 0.049366 0.054562
5 0.319425 0.509170 0.047379 0.039431
5 0.684778 0.906465 0.094299 0.098579
5 0.777549 0.892481 0.102552 0.091701
1 0.098120 0.064305 0.013449 0.036451
1 0.272276 0.299748 0.004432 0.023613
1 0.698456 0.516735 0.011004 0.049519
0 0.119135 0.486589 0.238270 0.968592
0 0.298869 0.548945 0.186612 0.619670
0 0.714657 0.681568 0.468287 0.550206