6 0.405258 0.402612 0.002976 0.004299
6 0.472222 0.412368 0.002976 0.004630
6 0.438492 0.405754 0.003472 0.005291
6 0.448041 0.427745 0.003224 0.004299
6 0.492932 0.411210 0.002728 0.004960
6 0.414807 0.426257 0.003224 0.005291
7 0.405010 0.408069 0.006448 0.009259
7 0.438244 0.412533 0.003968 0.006944
7 0.474578 0.418320 0.004712 0.009921
7 0.494172 0.416501 0.004712 0.007606
0 0.404886 0.409392 0.007192 0.021825
0 0.416543 0.425265 0.008185 0.010582
0 0.447917 0.433862 0.006448 0.015873
0 0.438120 0.416501 0.005704 0.024802
0 0.447297 0.415840 0.006200 0.012897
0 0.474206 0.417824 0.007440 0.016865
0 0.494296 0.421131 0.005456 0.020833
0 0.490079 0.405919 0.005456 0.018849