6 0.173187 0.333244 0.162599 0.243876
2 0.223169 0.381292 0.062994 0.149933
6 0.530061 0.167295 0.099605 0.205922
2 0.520908 0.195828 0.082376 0.149394
6 0.798008 0.139569 0.117552 0.215074
2 0.777100 0.166622 0.074659 0.159354
5 0.359386 0.623553 0.059404 0.119246
5 0.491475 0.539838 0.051866 0.064334
5 0.598887 0.573755 0.062814 0.058412
5 0.655510 0.462180 0.059404 0.087752
5 0.686468 0.494886 0.062455 0.079946
1 0.819993 0.172813 0.011127 0.025841
1 0.569095 0.186272 0.017947 0.060296
1 0.187365 0.384522 0.024408 0.054105
0 0.228733 0.555182 0.351220 0.667295
0 0.558238 0.449529 0.256820 0.769314
0 0.770101 0.449933 0.286432 0.835801