2 0.786417 0.484875 0.028500 0.106250
2 0.651917 0.467250 0.059500 0.111500
2 0.470000 0.489500 0.055667 0.111500
2 0.291917 0.524250 0.043833 0.102500
6 0.825417 0.462500 0.102833 0.150500
6 0.652000 0.455875 0.058333 0.135750
6 0.472583 0.472625 0.077500 0.153250
6 0.263000 0.499750 0.112000 0.169000
1 0.683750 0.459000 0.011167 0.035500
1 0.504833 0.483125 0.013000 0.031750
5 0.697750 0.621500 0.042833 0.077500
5 0.221833 0.735125 0.048333 0.043750
0 0.242167 0.604000 0.208000 0.369000
0 0.453667 0.508000 0.228000 0.227500
0 0.828167 0.635375 0.308667 0.497250
0 0.669583 0.549500 0.194167 0.313500