2 0.328497 0.496987 0.072470 0.177455
6 0.300074 0.481585 0.131399 0.210045
2 0.542485 0.462835 0.098661 0.128348
6 0.538914 0.411272 0.113244 0.231027
2 0.317783 0.188728 0.073958 0.105580
6 0.303423 0.143415 0.104464 0.199777
2 0.721131 0.415513 0.094940 0.177455
6 0.729241 0.380134 0.121577 0.251339
5 0.366815 0.797879 0.042857 0.085491
5 0.315923 0.755692 0.034821 0.048884
5 0.277232 0.254688 0.058036 0.131696
5 0.510863 0.690513 0.084226 0.043527
5 0.608557 0.679241 0.093899 0.067411
1 0.282813 0.512054 0.020685 0.048214
1 0.488988 0.412500 0.011905 0.049554
1 0.773586 0.396652 0.019494 0.050000
0 0.519271 0.508594 0.308482 0.428348
0 0.735119 0.497879 0.348810 0.503795
0 0.338244 0.350781 0.272619 0.499777
0 0.250223 0.686830 0.276637 0.626339