6 0.380167 0.602500 0.010333 0.015000
6 0.533500 0.891500 0.012333 0.022000
6 0.553333 0.696000 0.008667 0.016000
6 0.190000 0.852000 0.012667 0.024000
6 0.172000 0.841750 0.015333 0.021500
6 0.657833 0.749500 0.011000 0.017000
6 0.636833 0.735750 0.011667 0.016500
2 0.554000 0.697500 0.006667 0.011000
2 0.533333 0.898750 0.007333 0.007500
5 0.546667 0.735250 0.004667 0.010500
5 0.618000 0.726000 0.005333 0.007000
5 0.195167 0.882250 0.007000 0.012500
1 0.192500 0.857000 0.003667 0.006000
0 0.660167 0.756750 0.017000 0.031500
0 0.632500 0.747250 0.035000 0.057500
0 0.665167 0.665250 0.035667 0.101500
0 0.550000 0.729750 0.024000 0.082500
0 0.386667 0.646250 0.026667 0.106500
0 0.542167 0.901500 0.030333 0.048000
0 0.178500 0.906000 0.041000 0.133000
0 0.167167 0.869750 0.027667 0.075500