6 0.510000 0.665375 0.002667 0.003250
6 0.504000 0.664625 0.001667 0.003250
6 0.549750 0.723875 0.002167 0.002750
6 0.556750 0.729750 0.001833 0.003000
6 0.563667 0.724250 0.001667 0.003500
6 0.576167 0.721000 0.002333 0.004000
6 0.592000 0.730750 0.002000 0.003500
6 0.586833 0.719375 0.002000 0.002750
4 0.510167 0.665500 0.002667 0.003000
4 0.591917 0.731500 0.002167 0.003500
4 0.563500 0.724500 0.002333 0.002500
4 0.549667 0.723625 0.002000 0.003250
4 0.556917 0.730000 0.002500 0.002500
0 0.443667 0.631000 0.002667 0.011000
0 0.465333 0.659250 0.003333 0.008000
0 0.504333 0.669625 0.003333 0.013750
0 0.509917 0.669625 0.003500 0.012750
0 0.515000 0.669125 0.004333 0.012750
0 0.550333 0.731250 0.005333 0.019000
0 0.557583 0.733875 0.004167 0.010750
0 0.564083 0.730875 0.003500 0.017250
0 0.573167 0.731000 0.005000 0.008500
0 0.576333 0.726750 0.004333 0.016000
0 0.587417 0.727000 0.004500 0.017500
0 0.584167 0.726625 0.001667 0.017250
0 0.592167 0.738500 0.004667 0.020000
0 0.623667 0.698250 0.004000 0.010500
0 0.571917 0.693500 0.003833 0.015000
0 0.565083 0.696375 0.004500 0.012750