6 0.589928 0.439748 0.175060 0.282374
6 0.456235 0.340956 0.072799 0.114080
6 0.230558 0.326567 0.078452 0.176773
6 0.696129 0.152492 0.078452 0.155447
2 0.566718 0.443217 0.137205 0.228674
2 0.682682 0.178443 0.047790 0.078880
2 0.460689 0.352903 0.054299 0.081963
2 0.234327 0.346480 0.060980 0.110226
1 0.651165 0.510277 0.040939 0.058068
5 0.674889 0.517472 0.067146 0.111511
5 0.789397 0.368191 0.085817 0.095581
5 0.191504 0.587873 0.070230 0.062693
0 0.612367 0.634892 0.669065 0.704008
0 0.873844 0.632451 0.252312 0.718654
0 0.748458 0.231501 0.216684 0.320658
0 0.218397 0.416624 0.202809 0.373844
0 0.458976 0.341598 0.079651 0.119990