6 0.203881 0.399731 0.133065 0.112382
2 0.238029 0.417564 0.054688 0.075034
6 0.317666 0.406292 0.081401 0.075370
2 0.327243 0.417985 0.052671 0.053331
2 0.455771 0.391908 0.053679 0.062752
6 0.461946 0.382150 0.071069 0.081258
2 0.802167 0.409152 0.070565 0.064603
6 0.833921 0.391740 0.134577 0.101110
1 0.204385 0.417900 0.016633 0.023553
1 0.847278 0.401329 0.020665 0.029105
5 0.385963 0.527254 0.075857 0.027254
5 0.737777 0.560397 0.085433 0.065612
5 0.728201 0.522460 0.059224 0.043573
0 0.300529 0.436659 0.123236 0.167059
0 0.462198 0.435734 0.196573 0.186406
0 0.730595 0.608092 0.538810 0.547948
0 0.246724 0.492177 0.357863 0.298284