6 0.315458 0.331554 0.094464 0.192392
2 0.320208 0.361658 0.078385 0.126163
6 0.409830 0.392857 0.066508 0.126163
2 0.419057 0.415025 0.030148 0.083470
6 0.725014 0.447044 0.024849 0.045703
6 0.665540 0.448413 0.023570 0.042419
6 0.686187 0.446086 0.019551 0.032841
6 0.759456 0.445539 0.021012 0.034483
6 0.633747 0.445129 0.021012 0.039135
6 0.617486 0.437876 0.015165 0.032293
6 0.490956 0.436371 0.024849 0.034756
6 0.457427 0.443213 0.021012 0.035304
2 0.496985 0.439929 0.012790 0.026546
2 0.452403 0.445402 0.010963 0.027641
1 0.287685 0.315818 0.018820 0.045430
5 0.340124 0.600164 0.057921 0.078270
5 0.410744 0.630131 0.039832 0.030925
5 0.497899 0.564176 0.031062 0.050629
0 0.262653 0.617269 0.230404 0.765463
0 0.423625 0.662698 0.178513 0.674603
0 0.722638 0.482895 0.062123 0.115216
0 0.664078 0.530378 0.066691 0.209633
0 0.692399 0.467159 0.041111 0.080460
0 0.765851 0.464286 0.042938 0.079091
0 0.625708 0.507526 0.059017 0.165572
0 0.612004 0.491516 0.034168 0.135742
0 0.468664 0.462233 0.044217 0.076081
0 0.490956 0.450876 0.034350 0.066502