6 0.411420 0.270656 0.069546 0.121329
6 0.576318 0.414494 0.057467 0.105408
6 0.713946 0.397063 0.063690 0.089761
6 0.808931 0.399671 0.062958 0.098271
2 0.428990 0.277793 0.031479 0.094977
2 0.579520 0.433159 0.038616 0.058743
2 0.705802 0.399259 0.042643 0.073291
2 0.798591 0.404612 0.037518 0.076311
1 0.821834 0.395141 0.008968 0.032116
1 0.726116 0.419709 0.011530 0.020862
5 0.778001 0.550782 0.023060 0.042547
5 0.786512 0.434669 0.023609 0.070546
5 0.645589 0.546802 0.028367 0.043371
5 0.667460 0.563135 0.038433 0.029920
5 0.567258 0.559566 0.028367 0.038155
5 0.439147 0.489432 0.051061 0.032391
0 0.693082 0.609388 0.132138 0.541861
0 0.346999 0.562860 0.287335 0.739226
0 0.557833 0.622015 0.137262 0.528685
0 0.864202 0.610623 0.214129 0.520176