6 0.220433 0.361017 0.044256 0.083616
2 0.219680 0.371751 0.037100 0.057062
6 0.418644 0.361582 0.047834 0.093785
2 0.412806 0.383051 0.030132 0.045763
6 0.572881 0.321751 0.048964 0.101695
2 0.573446 0.340537 0.036535 0.061864
6 0.620716 0.320763 0.051224 0.090678
5 0.236158 0.526554 0.016573 0.022599
5 0.380320 0.479944 0.025424 0.036158
5 0.553484 0.434322 0.028249 0.029096
1 0.427684 0.371469 0.006780 0.016949
1 0.555556 0.331073 0.003766 0.018644
1 0.601601 0.338136 0.003578 0.017514
4 0.220716 0.341243 0.043691 0.040678
4 0.417702 0.341808 0.052354 0.053107
4 0.572599 0.299153 0.048776 0.055932
4 0.620998 0.314266 0.051412 0.075424
0 0.218079 0.560169 0.116761 0.487006
0 0.426177 0.553531 0.114878 0.480508
0 0.632203 0.580085 0.141243 0.620056
0 0.552731 0.561864 0.102825 0.594915