6 0.740755 0.052366 0.078582 0.104732
6 0.650135 0.090739 0.075308 0.116272
6 0.557300 0.120889 0.053351 0.094634
6 0.435670 0.079631 0.051618 0.106174
6 0.279565 0.054241 0.068760 0.108482
6 0.057300 0.051789 0.089946 0.103578
2 0.633667 0.093624 0.025809 0.076457
2 0.559418 0.125793 0.044106 0.080208
2 0.438656 0.082227 0.036402 0.082516
2 0.072997 0.045730 0.056240 0.091460
5 0.332242 0.163301 0.037750 0.058280
5 0.684804 0.261685 0.048729 0.044432
5 0.601502 0.290825 0.039676 0.047317
5 0.639927 0.198067 0.037558 0.045874
5 0.417662 0.193162 0.034861 0.049336
5 0.466391 0.342614 0.036787 0.050490
0 0.294203 0.238027 0.121918 0.476053
0 0.190004 0.369735 0.231317 0.739469
0 0.079353 0.383728 0.158706 0.767455
0 0.745378 0.392816 0.120570 0.785632
0 0.547862 0.380842 0.118451 0.587998
0 0.426810 0.249134 0.132897 0.445182
0 0.647824 0.366705 0.116911 0.697634