2 0.752167 0.218500 0.156667 0.246000
2 0.562250 0.293250 0.095833 0.163500
2 0.389833 0.287875 0.062667 0.133250
2 0.285083 0.335500 0.052167 0.091000
6 0.296000 0.312625 0.083333 0.145250
6 0.405833 0.265750 0.094667 0.171500
6 0.572417 0.229500 0.137500 0.287500
6 0.769583 0.173375 0.252833 0.332250
1 0.851083 0.111750 0.046500 0.117500
1 0.615500 0.234625 0.023333 0.058250
1 0.423333 0.274000 0.017000 0.045000
1 0.309417 0.314375 0.015833 0.038750
5 0.378833 0.662500 0.092667 0.080000
5 0.423083 0.712125 0.134833 0.109750
5 0.276667 0.584250 0.077333 0.059000
5 0.185583 0.526875 0.046167 0.045750
5 0.557500 0.822000 0.140333 0.123000
5 0.567917 0.923125 0.174833 0.153750
0 0.732417 0.504750 0.535167 0.990500
0 0.273167 0.403875 0.233667 0.346250
0 0.544500 0.442500 0.420667 0.716000
0 0.387500 0.409625 0.288333 0.456750