6 0.514145 0.133975 0.138158 0.226992
6 0.692105 0.157908 0.159211 0.263015
6 0.298109 0.178016 0.141941 0.259314
2 0.514803 0.176413 0.079934 0.140143
2 0.658306 0.207377 0.068914 0.153713
2 0.329441 0.191216 0.080921 0.220577
1 0.277796 0.179003 0.030263 0.053541
1 0.470641 0.179497 0.012664 0.040217
1 0.559622 0.176906 0.014309 0.025167
1 0.698684 0.159635 0.019408 0.063163
5 0.400987 0.944115 0.052303 0.094004
5 0.610773 0.933383 0.063980 0.084875
5 0.763487 0.969159 0.081579 0.061683
5 0.306168 0.969775 0.067599 0.060449
0 0.255839 0.519245 0.234046 0.944732
0 0.509622 0.511473 0.310033 0.965211
0 0.745066 0.509746 0.266118 0.971132