6 0.130313 0.566764 0.010930 0.020795
6 0.155453 0.579898 0.010687 0.022255
6 0.186179 0.578621 0.013359 0.025538
6 0.241316 0.575885 0.010444 0.022984
6 0.429075 0.601240 0.014817 0.028457
5 0.230265 0.646115 0.005344 0.015323
5 0.254068 0.643561 0.006315 0.016782
2 0.241802 0.577891 0.008987 0.019701
2 0.183993 0.581357 0.007530 0.018606
2 0.131163 0.567858 0.008744 0.017147
2 0.156789 0.580992 0.008501 0.017877
3 0.178164 0.626779 0.010444 0.010945
7 0.125334 0.589566 0.021375 0.041591
7 0.160068 0.605071 0.024775 0.046333
7 0.190430 0.607443 0.023804 0.043050
7 0.243260 0.604706 0.020646 0.041955
7 0.423002 0.641919 0.028905 0.055089
0 0.190794 0.635534 0.040564 0.140095
0 0.159825 0.634075 0.026718 0.129880
0 0.125213 0.622583 0.022589 0.136811
0 0.242895 0.637359 0.031576 0.151769
0 0.420695 0.685334 0.052465 0.196644
0 0.991742 0.664356 0.016517 0.094856