6 0.445768 0.279791 0.099060 0.145671
2 0.464575 0.289518 0.060473 0.128648
2 0.337873 0.244528 0.036641 0.084387
6 0.337630 0.239908 0.044261 0.096547
6 0.291505 0.319553 0.063554 0.114786
6 0.722357 0.239908 0.092575 0.174854
6 0.569066 0.288667 0.029507 0.045720
6 0.661235 0.280034 0.029345 0.052772
2 0.655885 0.281615 0.019293 0.047665
2 0.578956 0.292558 0.009728 0.029669
5 0.611300 0.506931 0.054961 0.071255
5 0.710684 0.587427 0.071498 0.070282
5 0.590872 0.451362 0.012160 0.030156
5 0.629540 0.373176 0.015564 0.035263
5 0.531858 0.566391 0.051070 0.082198
5 0.543369 0.581226 0.037776 0.074903
5 0.353761 0.399441 0.033398 0.069309
5 0.360652 0.407466 0.029021 0.053745
0 0.461981 0.601897 0.199903 0.790856
0 0.351816 0.519212 0.113489 0.630837
0 0.569066 0.437500 0.057393 0.350681
0 0.727951 0.576240 0.285992 0.847519
0 0.660425 0.428988 0.079604 0.356518
0 0.298395 0.625730 0.136673 0.717412