6 0.195917 0.207750 0.147167 0.234000
2 0.162500 0.242000 0.079667 0.163000
6 0.466833 0.252500 0.112667 0.275000
2 0.466583 0.301125 0.111500 0.180250
6 0.604833 0.274625 0.202333 0.321750
2 0.597917 0.355875 0.112833 0.154750
6 0.917833 0.362875 0.164333 0.543750
2 0.917000 0.424875 0.165000 0.417750
5 0.085500 0.518375 0.067333 0.070250
5 0.290250 0.658500 0.081167 0.101000
5 0.374167 0.597375 0.120000 0.122750
5 0.562167 0.623750 0.065000 0.136500
5 0.613583 0.785750 0.109500 0.109500
1 0.211083 0.243500 0.024167 0.056500
1 0.659083 0.321000 0.023500 0.056500
0 0.694667 0.471250 0.374333 0.737000
0 0.419833 0.412125 0.340667 0.597750
0 0.178250 0.336875 0.305833 0.513750
0 0.892667 0.546000 0.214667 0.908000