6 0.219125 0.358833 0.097250 0.141667
6 0.706937 0.327083 0.104625 0.179500
6 0.258250 0.140000 0.015750 0.028333
2 0.258250 0.142250 0.014250 0.021500
6 0.406625 0.135417 0.015750 0.031167
2 0.406562 0.138083 0.014875 0.021500
6 0.380625 0.298083 0.007250 0.014167
2 0.380937 0.299333 0.006625 0.009333
6 0.539750 0.304417 0.004000 0.007500
2 0.539687 0.304417 0.003125 0.005500
6 0.611063 0.295583 0.007875 0.015833
2 0.611250 0.296500 0.007500 0.011333
6 0.581562 0.144000 0.008125 0.017333
2 0.581562 0.145667 0.007625 0.013333
6 0.560000 0.159750 0.005750 0.012167
6 0.739812 0.117917 0.017875 0.035833
2 0.740000 0.119917 0.017500 0.031167
1 0.749437 0.345583 0.014125 0.041833
0 0.264500 0.174667 0.051250 0.103000
0 0.410875 0.174083 0.053500 0.107500
0 0.582812 0.180167 0.024375 0.087667
0 0.740187 0.157750 0.060625 0.112167
0 0.611875 0.306500 0.028000 0.038333
0 0.540625 0.320000 0.011500 0.039333
0 0.383250 0.309167 0.024750 0.035333
0 0.671625 0.568917 0.361000 0.663167
0 0.223562 0.553083 0.285375 0.530500