6 0.355197 0.418042 0.055664 0.117890
6 0.510315 0.411420 0.049046 0.114199
6 0.661996 0.364525 0.061503 0.120712
5 0.497145 0.566869 0.036979 0.040816
5 0.650318 0.609205 0.029843 0.039514
5 0.627417 0.601064 0.024783 0.038862
5 0.532957 0.659357 0.028675 0.056448
5 0.396133 0.591945 0.025172 0.046244
5 0.406124 0.651867 0.040223 0.043639
1 0.335409 0.426509 0.010121 0.028875
1 0.378292 0.415762 0.006617 0.030829
1 0.529389 0.418259 0.009342 0.031046
1 0.681848 0.378419 0.011678 0.029092
2 0.355391 0.433673 0.042040 0.083152
2 0.509537 0.427920 0.043337 0.082067
2 0.658168 0.376031 0.049176 0.093356
0 0.363890 0.541685 0.137148 0.363005
0 0.508758 0.509119 0.115220 0.321754
0 0.669910 0.507816 0.134683 0.396874