6 0.365830 0.407867 0.163617 0.211448
6 0.355288 0.272216 0.137655 0.153947
6 0.567520 0.445112 0.119882 0.179300
6 0.721206 0.365917 0.202474 0.252483
1 0.326015 0.461840 0.028925 0.048092
1 0.304060 0.326059 0.018122 0.047831
1 0.608643 0.502483 0.020910 0.036853
5 0.417669 0.948510 0.116048 0.102980
5 0.203433 0.123497 0.134344 0.193152
0 0.348580 0.513461 0.429169 0.973079
0 0.808765 0.620230 0.249347 0.759540
0 0.561509 0.667015 0.182087 0.665970
0 0.302317 0.570700 0.336993 0.743596
0 0.540599 0.353502 0.098449 0.283586
6 0.546001 0.270256 0.062903 0.104548