6 0.530810 0.328903 0.013581 0.019796
5 0.549359 0.387255 0.008929 0.016591
5 0.644366 0.551659 0.006036 0.018854
5 0.363053 0.612179 0.009809 0.016591
1 0.364374 0.512632 0.004653 0.007919
2 0.703031 0.474076 0.013204 0.021682
6 0.657256 0.455882 0.021756 0.024887
6 0.681087 0.455505 0.027666 0.034314
6 0.700956 0.465969 0.018612 0.036011
6 0.711205 0.478884 0.015719 0.024133
6 0.366134 0.505185 0.035337 0.043175
2 0.359092 0.518005 0.009935 0.012632
0 0.540367 0.390649 0.040744 0.153846
0 0.418825 0.517534 0.020498 0.090875
0 0.438255 0.513952 0.018612 0.081071
0 0.445926 0.513952 0.016348 0.066742
0 0.383300 0.605769 0.069668 0.249246
0 0.219567 0.685897 0.122988 0.414027
0 0.024082 0.516874 0.035840 0.110294
0 0.056652 0.611897 0.085890 0.292798
0 0.649837 0.539027 0.038355 0.197964
0 0.666122 0.530637 0.068410 0.190611
0 0.701144 0.478695 0.023265 0.058824
0 0.710890 0.486897 0.018863 0.036765