5 0.308250 0.522875 0.049167 0.095250
5 0.401167 0.626125 0.112667 0.158750
5 0.544167 0.549250 0.069000 0.054000
5 0.629750 0.500500 0.067167 0.083500
5 0.472917 0.493875 0.038833 0.025250
5 0.492833 0.347250 0.032000 0.056500
0 0.259250 0.618125 0.396500 0.755750
0 0.488917 0.514625 0.149167 0.643750
0 0.709500 0.596500 0.398333 0.728000
6 0.170667 0.348500 0.160333 0.216000
2 0.210167 0.363875 0.080000 0.181750
1 0.166750 0.381625 0.028167 0.049750
6 0.496333 0.272250 0.050000 0.109000
1 0.518083 0.283625 0.006167 0.027250
2 0.493333 0.280000 0.043333 0.086500
6 0.732167 0.374375 0.142000 0.220250
2 0.686917 0.392375 0.052500 0.180250
1 0.717083 0.431000 0.024167 0.046000