6 0.242417 0.573000 0.047833 0.097500
2 0.244167 0.593000 0.038000 0.057000
1 0.222167 0.578125 0.006667 0.020750
6 0.361750 0.548125 0.019500 0.036250
1 0.370000 0.544625 0.002667 0.008750
2 0.362000 0.555500 0.015333 0.021500
6 0.600333 0.534500 0.028667 0.055000
2 0.601417 0.543500 0.024500 0.036500
0 0.252417 0.668875 0.123500 0.299750
0 0.370417 0.581125 0.046833 0.109750
0 0.597917 0.602250 0.075167 0.214000
5 0.236083 0.799500 0.027500 0.040500
5 0.303083 0.778250 0.020500 0.046000
5 0.352667 0.630000 0.009333 0.013000
5 0.361750 0.623500 0.010833 0.014500
5 0.584917 0.691750 0.020167 0.033000
5 0.619500 0.672625 0.013000 0.029250