6 0.485625 0.267750 0.062250 0.071167
6 0.384625 0.278167 0.067250 0.067333
6 0.619875 0.328000 0.071750 0.061667
2 0.392000 0.290083 0.052500 0.042167
2 0.483750 0.285000 0.052000 0.035000
2 0.621000 0.342833 0.060500 0.034667
1 0.363500 0.279583 0.012500 0.016167
1 0.648625 0.328750 0.009750 0.015833
3 0.405000 0.372750 0.059000 0.037833
3 0.418250 0.422750 0.027500 0.037500
3 0.470875 0.398000 0.049750 0.031000
3 0.515875 0.379417 0.056750 0.025833
3 0.745625 0.500083 0.034250 0.038500
3 0.598125 0.436583 0.019750 0.043500
0 0.685000 0.467333 0.205000 0.347333
0 0.510500 0.407667 0.179500 0.350000