6 0.610161 0.117227 0.045158 0.092088
6 0.442406 0.391903 0.122773 0.271500
6 0.884371 0.141307 0.048862 0.096851
2 0.442406 0.427494 0.097724 0.190262
2 0.614041 0.126753 0.043041 0.074623
2 0.880931 0.149643 0.033516 0.062715
1 0.387811 0.409368 0.013583 0.057158
1 0.493738 0.430008 0.016581 0.051866
5 0.473981 0.801006 0.098430 0.100556
5 0.292821 0.797433 0.081496 0.117756
5 0.639531 0.264223 0.021344 0.035194
5 0.665285 0.300476 0.025225 0.033078
0 0.415770 0.553453 0.338684 0.599894
0 0.611748 0.278116 0.128418 0.421275
0 0.855442 0.291479 0.124008 0.421011