6 0.765023 0.281612 0.124620 0.212588
6 0.218370 0.350637 0.103829 0.179122
2 0.767305 0.344362 0.054640 0.082525
2 0.196184 0.388002 0.049569 0.095646
1 0.179069 0.345408 0.009508 0.031755
1 0.765657 0.301673 0.021932 0.035178
5 0.732188 0.672942 0.037652 0.061989
5 0.254437 0.703176 0.058316 0.044875
5 0.142368 0.618464 0.043357 0.081194
0 0.141988 0.612284 0.282708 0.737403
0 0.821945 0.585187 0.249873 0.815174
3 0.764579 0.810420 0.044878 0.130063
3 0.144777 0.669709 0.083164 0.124358
4 0.227117 0.338562 0.081516 0.154972
4 0.760839 0.263738 0.111689 0.176840