6 0.188260 0.460124 0.126953 0.255534
6 0.380208 0.214518 0.062500 0.095052
6 0.457248 0.173828 0.033854 0.070312
6 0.678711 0.168783 0.059679 0.086263
6 0.884223 0.139648 0.057943 0.088542
2 0.673394 0.185710 0.040365 0.059570
2 0.884874 0.155924 0.040148 0.053385
2 0.457140 0.181478 0.029297 0.050456
2 0.384983 0.236165 0.044271 0.051758
2 0.183702 0.521810 0.113498 0.141927
1 0.232422 0.502767 0.015625 0.055013
1 0.685655 0.171061 0.009332 0.023763
1 0.903212 0.152995 0.007812 0.020182
5 0.213650 0.957520 0.078342 0.084961
5 0.678711 0.301758 0.025825 0.037760
5 0.911458 0.345703 0.044705 0.039062
5 0.637370 0.340983 0.029514 0.031576
3 0.352973 0.415039 0.027127 0.033854
4 0.382921 0.197917 0.075304 0.113932
0 0.277561 0.666178 0.343750 0.667643
0 0.391819 0.472493 0.155599 0.666992
0 0.465386 0.296549 0.067491 0.303385
0 0.692166 0.391439 0.137804 0.528320
0 0.882812 0.378255 0.163628 0.560547