2 0.330938 0.428606 0.060054 0.091998
6 0.327823 0.396742 0.070755 0.157643
2 0.195176 0.574629 0.064207 0.132966
6 0.179125 0.553785 0.097588 0.175611
2 0.877256 0.529109 0.057659 0.108529
6 0.873023 0.519286 0.068040 0.127695
2 0.771043 0.546598 0.056061 0.089842
6 0.765453 0.522760 0.067881 0.137518
1 0.153330 0.572353 0.019486 0.036416
1 0.296917 0.404887 0.010222 0.028749
1 0.738460 0.536057 0.010382 0.029468
1 0.847548 0.537853 0.013257 0.029708
5 0.293723 0.781744 0.071554 0.061811
5 0.335490 0.749042 0.050311 0.045759
5 0.937071 0.574509 0.049193 0.070915
5 0.927647 0.574509 0.030347 0.073790
5 0.230634 0.735865 0.040249 0.040968
0 0.725204 0.595712 0.163712 0.281025
0 0.890752 0.597988 0.158441 0.283661
0 0.321434 0.539650 0.223127 0.449209
0 0.199329 0.704241 0.330938 0.485146