6 0.369607 0.527121 0.067797 0.106174
2 0.383378 0.536353 0.039869 0.085978
6 0.504815 0.562031 0.084746 0.147721
6 0.678448 0.537074 0.047573 0.101847
2 0.671803 0.547317 0.034669 0.080785
6 0.819049 0.548038 0.058744 0.119158
2 0.808455 0.565061 0.034861 0.086844
5 0.609110 0.794143 0.020609 0.039527
5 0.613059 0.714224 0.025809 0.034911
5 0.669877 0.714657 0.028120 0.036353
5 0.729488 0.737594 0.030239 0.036642
5 0.810574 0.737882 0.059129 0.027986
5 0.403891 0.724755 0.020801 0.046163
0 0.664099 0.610646 0.146764 0.246105
0 0.827234 0.621177 0.225347 0.267167
0 0.348806 0.677294 0.133667 0.414599
0 0.516949 0.743508 0.209168 0.512983