6 0.205858 0.489471 0.117824 0.251943
2 0.216653 0.533592 0.088201 0.158185
6 0.476736 0.635748 0.089874 0.150915
2 0.483933 0.663073 0.064770 0.097769
6 0.614477 0.270619 0.105272 0.181750
2 0.609372 0.289672 0.068619 0.140637
1 0.162092 0.509902 0.021590 0.054149
1 0.442594 0.651918 0.016234 0.037854
5 0.294979 0.819253 0.059079 0.091251
5 0.187866 0.852093 0.087866 0.102281
5 0.388870 0.752820 0.031297 0.063675
5 0.512803 0.733141 0.040502 0.068940
5 0.603431 0.793808 0.042678 0.104036
0 0.472552 0.681750 0.211046 0.258461
0 0.635565 0.588869 0.263598 0.822261
0 0.168452 0.634871 0.332218 0.538230