6 0.286569 0.377750 0.027593 0.053500
2 0.285239 0.386750 0.024269 0.033500
6 0.515209 0.435000 0.040392 0.078500
2 0.515209 0.455500 0.033078 0.036000
6 0.014877 0.439500 0.011469 0.020000
6 0.138797 0.397750 0.013298 0.021000
1 0.498753 0.433250 0.006483 0.014500
5 0.227892 0.404000 0.016955 0.025000
5 0.311752 0.343000 0.011137 0.017000
5 0.623338 0.459375 0.021609 0.028250
5 0.457862 0.357750 0.020778 0.031500
6 0.752493 0.449125 0.008311 0.015250
0 0.274684 0.492000 0.112866 0.316000
0 0.541057 0.583125 0.188165 0.484750
0 0.019282 0.478500 0.029255 0.097500
0 0.142703 0.442125 0.024102 0.114250
0 0.754405 0.411625 0.010805 0.052250
0 0.746426 0.411500 0.007812 0.050000
0 0.744432 0.455750 0.023770 0.029000
0 0.793052 0.393375 0.008976 0.032750