6 0.186863 0.217000 0.118176 0.111600
6 0.416917 0.272000 0.099580 0.093600
6 0.842831 0.262200 0.098380 0.094000
5 0.395921 0.440000 0.052789 0.058400
5 0.287043 0.534400 0.043791 0.046400
5 0.485003 0.370600 0.055789 0.038000
5 0.705759 0.538600 0.040192 0.064400
5 0.972705 0.512800 0.049790 0.056000
1 0.153569 0.225400 0.026395 0.035600
1 0.796041 0.271200 0.025195 0.027200
1 0.892621 0.271000 0.017996 0.028400
1 0.467606 0.277000 0.014997 0.027600
1 0.375825 0.279000 0.022196 0.027600
0 0.831434 0.502800 0.337133 0.576800
0 0.428014 0.484400 0.313737 0.545600
0 0.200060 0.486400 0.400120 0.639200