6 0.693335 0.389764 0.059575 0.103047
2 0.682835 0.401232 0.037663 0.082164
6 0.531500 0.213797 0.044967 0.092092
2 0.525679 0.223040 0.027391 0.074290
6 0.327665 0.380863 0.061858 0.100308
2 0.352659 0.391133 0.012326 0.079767
5 0.392490 0.463026 0.035380 0.044163
5 0.458457 0.502396 0.020772 0.026361
5 0.582059 0.279699 0.027391 0.063677
5 0.655672 0.532694 0.049076 0.052037
5 0.629423 0.530811 0.020315 0.031838
1 0.705547 0.397638 0.010500 0.026361
0 0.320817 0.627867 0.191965 0.596371
0 0.527277 0.354502 0.158411 0.374187
0 0.680667 0.628723 0.203150 0.582335