5 0.826050 0.959539 0.052734 0.080923
5 0.577820 0.627792 0.049438 0.056756
5 0.620361 0.226840 0.024902 0.051263
5 0.644043 0.320762 0.040527 0.043940
3 0.207581 0.806390 0.172974 0.227572
3 0.224731 0.526822 0.093506 0.066825
3 0.880188 0.368180 0.051636 0.084584
3 0.834595 0.280483 0.026367 0.061882
3 0.281921 0.306115 0.052124 0.127060
3 0.417114 0.273160 0.067139 0.166606
0 0.147217 0.705602 0.294189 0.459905
0 0.746216 0.734804 0.386719 0.530392
0 0.353577 0.252746 0.195679 0.370011
0 0.701355 0.272885 0.212036 0.445075
0 0.902710 0.218418 0.194580 0.435738
0 0.135071 0.105090 0.114380 0.209813