6 0.226714 0.398200 0.094571 0.192027
2 0.234429 0.452207 0.071143 0.084869
5 0.224143 0.791685 0.043714 0.062580
5 0.308429 0.750750 0.048857 0.050150
0 0.223143 0.562580 0.219429 0.518217
1 0.192143 0.414273 0.013429 0.035577
2 0.944714 0.143806 0.026000 0.049293
2 0.809000 0.274325 0.020857 0.037720
2 0.666857 0.303686 0.022286 0.051865
2 0.721857 0.147021 0.021429 0.042863
5 0.867714 0.391770 0.029143 0.048864
5 0.805429 0.298114 0.030286 0.040720
6 0.807143 0.271967 0.027429 0.043292
6 0.668571 0.310544 0.026286 0.058723
6 0.721000 0.139306 0.023143 0.036862
6 0.944429 0.146164 0.030000 0.044578