6 0.765104 0.316433 0.058220 0.060181
6 0.727938 0.332234 0.049066 0.063754
2 0.750458 0.326738 0.020871 0.030778
2 0.727206 0.340753 0.041743 0.041770
1 0.455694 0.339242 0.015013 0.016763
1 0.441780 0.353943 0.010619 0.015938
1 0.600696 0.326463 0.017942 0.022534
1 0.759978 0.308876 0.013548 0.014839
1 0.879165 0.311761 0.010253 0.017862
1 0.927499 0.313822 0.013182 0.014839
3 0.568107 0.346524 0.083852 0.059907
3 0.486269 0.555922 0.039546 0.046716
3 0.377151 0.327700 0.035884 0.037648
2 0.953131 0.312448 0.039546 0.028030
6 0.946723 0.305441 0.051629 0.045342
7 0.654522 0.477741 0.199561 0.205826
7 0.518125 0.446826 0.131820 0.156087
7 0.421091 0.425666 0.043940 0.116516
7 0.936104 0.397225 0.108019 0.153614
0 0.418711 0.522946 0.160747 0.412751
0 0.503112 0.523633 0.142073 0.459742
0 0.630172 0.593020 0.258513 0.637538
0 0.739656 0.391179 0.070304 0.189887
0 0.813072 0.487909 0.163676 0.417422
0 0.912852 0.472245 0.148663 0.386095
0 0.960088 0.361500 0.079824 0.152514
0 0.012633 0.122424 0.025265 0.078318
0 0.048700 0.105249 0.066642 0.070349
6 0.046320 0.087387 0.030392 0.027480
2 0.049799 0.087524 0.018308 0.021709
2 0.005676 0.099753 0.011351 0.020335