2 0.399316 0.478326 0.047381 0.038435
6 0.394841 0.464198 0.060016 0.067392
6 0.239405 0.541067 0.088181 0.058968
2 0.288365 0.552913 0.013951 0.029660
6 0.289550 0.545016 0.022638 0.049667
2 0.708608 0.547210 0.033693 0.037908
6 0.725191 0.543875 0.067913 0.043875
2 0.871677 0.527992 0.047118 0.047561
6 0.895104 0.519919 0.093972 0.062303
1 0.372861 0.471042 0.010792 0.015444
1 0.421690 0.466567 0.003159 0.007196
1 0.899842 0.530011 0.013951 0.016497
1 0.254146 0.560548 0.010266 0.011934
5 0.386812 0.583275 0.041853 0.025097
5 0.474993 0.590821 0.026586 0.030713
5 0.282048 0.578712 0.046065 0.030713
0 0.761911 0.667427 0.399316 0.361881
0 0.410634 0.616006 0.198473 0.368901