6 0.131517 0.315667 0.029621 0.028000
6 0.202755 0.295750 0.025770 0.023167
6 0.223341 0.257333 0.015403 0.020000
6 0.256220 0.264917 0.020142 0.019500
6 0.290877 0.266667 0.018957 0.014667
6 0.788951 0.914083 0.060723 0.049833
6 0.613448 0.898417 0.065166 0.042500
6 0.586345 0.810750 0.050059 0.041167
6 0.635812 0.811917 0.054799 0.036500
6 0.739336 0.740583 0.030806 0.031500
6 0.642476 0.617917 0.038507 0.023167
6 0.610041 0.517833 0.036434 0.025000
5 0.523400 0.494250 0.019550 0.014167
5 0.521623 0.830917 0.034360 0.016500
5 0.520735 0.722917 0.024882 0.020500
5 0.516884 0.893000 0.025474 0.024333
6 0.587382 0.300500 0.033768 0.024333
6 0.577607 0.367500 0.031398 0.018333
1 0.587085 0.302833 0.007701 0.011000
1 0.588566 0.370000 0.004739 0.008667
1 0.564129 0.371667 0.003851 0.008333
1 0.593602 0.521000 0.006517 0.014333
1 0.612559 0.817417 0.007701 0.012167
1 0.658768 0.819917 0.006517 0.009833
1 0.641440 0.902667 0.006813 0.017000
1 0.587085 0.903583 0.010664 0.015167
2 0.204976 0.296833 0.017773 0.014333
2 0.225711 0.259250 0.008294 0.009833
2 0.257257 0.265500 0.013329 0.011000
2 0.287322 0.265417 0.010664 0.009500
2 0.131517 0.315667 0.021327 0.014667
5 0.600267 0.371000 0.010960 0.013000
2 0.597305 0.303167 0.010367 0.014333
1 0.765995 0.918917 0.008886 0.017167
5 0.508738 0.966750 0.017476 0.015833
6 0.825385 0.272667 0.025178 0.018333
0 0.582642 0.398750 0.100711 0.090167
0 0.561759 0.326167 0.092121 0.100000
0 0.588566 0.496083 0.138626 0.072167
0 0.608560 0.555667 0.124704 0.122333
0 0.643957 0.651167 0.084123 0.098000
0 0.590788 0.732833 0.156102 0.101667
0 0.730598 0.842250 0.127073 0.243167
0 0.781102 0.949750 0.116706 0.100500
0 0.606339 0.941917 0.205569 0.116167
0 0.558649 0.818583 0.109005 0.070500
0 0.609597 0.854333 0.210308 0.124667
0 0.722601 0.804417 0.103969 0.143500
0 0.468158 0.309000 0.030509 0.085333
0 0.124408 0.374083 0.100118 0.155833
0 0.211345 0.342333 0.076126 0.122333
0 0.218009 0.268000 0.034953 0.040333
0 0.257109 0.276917 0.042062 0.045500
0 0.288655 0.273417 0.028140 0.031833
0 0.827310 0.282667 0.053318 0.049000