2 0.701182 0.409299 0.079541 0.105348
2 0.899319 0.377855 0.102831 0.134372
2 0.413293 0.199409 0.068434 0.099436
6 0.409351 0.160709 0.118595 0.195109
6 0.711573 0.385112 0.100322 0.170922
6 0.915801 0.322225 0.134719 0.238646
6 0.051863 0.228568 0.103368 0.160978
6 0.057238 0.407820 0.114117 0.324913
1 0.745611 0.410508 0.025797 0.049718
1 0.958348 0.328272 0.024543 0.064230
1 0.371462 0.156275 0.014869 0.042193
5 0.528484 0.677775 0.056969 0.090836
5 0.566105 0.702499 0.048370 0.051062
5 0.631405 0.706799 0.051415 0.083848
5 0.336976 0.525934 0.056969 0.133298
5 0.404246 0.774254 0.120208 0.073636
5 0.292906 0.825853 0.115371 0.188121
5 0.168936 0.800322 0.085274 0.092448
5 0.858563 0.747917 0.061448 0.103198
5 0.852562 0.423945 0.049803 0.111529
5 0.130777 0.732733 0.049086 0.043805
0 0.690254 0.525800 0.278037 0.455523
0 0.175564 0.620263 0.350770 0.759473
0 0.408008 0.387530 0.305446 0.688525
0 0.867252 0.514512 0.265496 0.620532
0 0.230563 0.480919 0.460767 0.665144