2 0.457700 0.338621 0.080231 0.168065
6 0.455864 0.330624 0.093340 0.187205
2 0.684408 0.418589 0.075686 0.157053
6 0.671474 0.394337 0.103653 0.205558
2 0.198567 0.454641 0.070967 0.143157
6 0.205821 0.442318 0.091418 0.167803
5 0.459360 0.693498 0.075162 0.099109
5 0.441619 0.739119 0.078133 0.063975
5 0.088009 0.824594 0.048069 0.070792
5 0.120608 0.960933 0.066422 0.077084
5 0.751355 0.573152 0.048768 0.068170
5 0.787887 0.969586 0.049117 0.060829
0 0.704859 0.645779 0.225660 0.708443
0 0.439871 0.607892 0.312358 0.742790
0 0.176717 0.677766 0.226184 0.644468