5 0.268470 0.613163 0.062955 0.048734
5 0.381243 0.749393 0.058533 0.049948
5 0.436134 0.784166 0.139178 0.054977
5 0.736082 0.769424 0.131894 0.082379
6 0.241805 0.355446 0.154266 0.122962
1 0.182362 0.339837 0.027575 0.039369
2 0.236733 0.377732 0.139438 0.079084
6 0.444719 0.308446 0.127732 0.129899
1 0.498439 0.313129 0.018730 0.030003
2 0.436915 0.324835 0.105879 0.094693
6 0.543965 0.490982 0.151925 0.145335
2 0.531998 0.508585 0.126951 0.108741
1 0.605749 0.499306 0.025754 0.039195
6 0.802810 0.334894 0.159729 0.158862
2 0.790323 0.365765 0.127992 0.094693
1 0.859001 0.342785 0.027055 0.037288
0 0.535640 0.614291 0.449532 0.394728
0 0.829995 0.618366 0.323881 0.763267
0 0.159339 0.520638 0.318678 0.453347
0 0.411550 0.468176 0.355879 0.449358