2 0.655079 0.380248 0.059293 0.123928
6 0.666366 0.367946 0.082167 0.149887
2 0.236418 0.572686 0.046953 0.119639
6 0.217457 0.564447 0.087886 0.141084
0 0.241911 0.667494 0.304439 0.349436
0 0.673514 0.643792 0.269225 0.706095
1 0.688488 0.363431 0.015952 0.041084
5 0.380361 0.780023 0.028442 0.064334
5 0.172761 0.814673 0.035816 0.050564
5 0.640256 0.671896 0.072987 0.085553
5 0.554628 0.728668 0.032054 0.070429
2 0.347555 0.439165 0.021520 0.074266
6 0.359819 0.437585 0.054477 0.072912
0 0.372686 0.495711 0.107600 0.208578