6 0.571994 0.402149 0.034331 0.041855
6 0.436557 0.645362 0.021253 0.033560
6 0.511004 0.721342 0.021756 0.024887
6 0.572812 0.663933 0.023139 0.022436
6 0.682721 0.647719 0.033954 0.040535
6 0.868587 0.652055 0.029930 0.049962
5 0.850855 0.801659 0.011821 0.033560
3 0.576144 0.457296 0.009935 0.018288
1 0.862676 0.659785 0.003773 0.012255
1 0.567090 0.669495 0.003144 0.006787
4 0.784142 0.647342 0.014713 0.015649
5 0.688317 0.740196 0.009935 0.024887
5 0.672535 0.735577 0.004779 0.022813
5 0.432533 0.725679 0.008677 0.014706
1 0.507734 0.724076 0.003144 0.005845
0 0.863179 0.776395 0.041751 0.308824
0 0.684608 0.736331 0.038229 0.221908
0 0.582558 0.738028 0.058727 0.177413
0 0.511569 0.764800 0.051056 0.117081
0 0.425679 0.720777 0.045775 0.186275
0 0.555018 0.480392 0.071051 0.193439