2 0.220837 0.439009 0.048448 0.061775
6 0.197437 0.429994 0.095249 0.082628
2 0.412159 0.411101 0.057150 0.059893
6 0.396519 0.397382 0.088429 0.092976
2 0.490122 0.388209 0.056914 0.048605
6 0.492592 0.380448 0.070320 0.066949
2 0.702846 0.402477 0.035042 0.052995
6 0.724835 0.398322 0.079022 0.064127
1 0.178034 0.444810 0.023989 0.022578
1 0.376411 0.406711 0.014817 0.019442
1 0.522695 0.384995 0.009172 0.013641
1 0.460254 0.383035 0.003293 0.011916
5 0.290569 0.475227 0.042098 0.056130
5 0.303034 0.469975 0.045390 0.040922
5 0.331373 0.513876 0.043744 0.025243
5 0.506820 0.498511 0.077140 0.035278
5 0.573612 0.486830 0.035278 0.013797
5 0.739417 0.489574 0.041863 0.025243
0 0.758702 0.439793 0.210254 0.148322
0 0.522107 0.424036 0.156632 0.166980
0 0.415452 0.439244 0.261759 0.177955
0 0.245767 0.590232 0.325494 0.418156