2 0.559107 0.235467 0.086429 0.100723
2 0.913929 0.405036 0.095714 0.166622
2 0.190893 0.260782 0.073929 0.114385
2 0.098304 0.714037 0.068393 0.169569
6 0.563482 0.186713 0.106250 0.201447
6 0.178750 0.215510 0.101071 0.204929
6 0.932321 0.371283 0.135357 0.240557
6 0.066071 0.719930 0.131786 0.200107
5 0.461696 0.519020 0.061607 0.095098
5 0.546071 0.555585 0.076429 0.081972
5 0.904018 0.708411 0.059464 0.114921
5 0.191161 0.503349 0.069821 0.067506
5 0.258393 0.410126 0.048571 0.063756
5 0.214911 0.646531 0.077679 0.120279
5 0.297500 0.721404 0.063571 0.145727
5 0.387321 0.757300 0.096071 0.175730
5 0.545714 0.902893 0.071786 0.194214
0 0.860982 0.524243 0.278036 0.538977
0 0.172500 0.344361 0.308571 0.461559
0 0.577143 0.344897 0.295357 0.518350
0 0.164554 0.793196 0.328750 0.413073