6 0.392121 0.268924 0.155918 0.341633
2 0.397274 0.316609 0.144947 0.246265
6 0.508145 0.247883 0.090093 0.234811
2 0.509973 0.276145 0.086436 0.177291
6 0.693318 0.186877 0.100066 0.198954
2 0.691240 0.212151 0.077626 0.146414
5 0.395196 0.903635 0.120844 0.124004
5 0.580369 0.751494 0.081283 0.126494
5 0.626579 0.632595 0.080286 0.111803
5 0.651513 0.520916 0.065658 0.074203
5 0.759807 0.494397 0.064495 0.067978
5 0.788979 0.465762 0.059674 0.062002
1 0.327959 0.252988 0.019614 0.084661
1 0.647606 0.187625 0.009973 0.050050
0 0.698138 0.307769 0.263298 0.440737
0 0.355386 0.529631 0.535904 0.878984
0 0.555685 0.409238 0.258644 0.558516