6 0.291375 0.103667 0.100750 0.098667
6 0.291875 0.538667 0.128750 0.078667
6 0.699250 0.184750 0.130500 0.101167
2 0.290125 0.122833 0.079750 0.057000
2 0.321750 0.539083 0.068000 0.073167
2 0.725250 0.211333 0.064000 0.048667
5 0.490125 0.616083 0.055750 0.043833
5 0.485000 0.723750 0.049500 0.038833
5 0.619500 0.408417 0.054000 0.043167
5 0.226750 0.200667 0.047500 0.053333
1 0.246625 0.111500 0.008750 0.021333
1 0.333000 0.116667 0.014500 0.020667
1 0.275875 0.542333 0.022750 0.020667
0 0.792750 0.339167 0.414500 0.400333
0 0.326750 0.263000 0.382000 0.487333
0 0.342250 0.724917 0.344500 0.422167