2 0.548438 0.351282 0.128606 0.076282
2 0.043990 0.118990 0.087981 0.063942
6 0.885697 0.447356 0.228606 0.495994
6 0.550120 0.324038 0.139183 0.113782
6 0.069952 0.077404 0.139904 0.154808
6 0.055529 0.301522 0.111058 0.276763
1 0.615745 0.342228 0.021394 0.036378
1 0.482572 0.339183 0.025240 0.042468
5 0.515986 0.586458 0.132452 0.070353
5 0.636058 0.597997 0.094712 0.059455
5 0.525240 0.688622 0.154808 0.110256
0 0.514062 0.428766 0.483894 0.327724
0 0.732452 0.606330 0.535096 0.787340
0 0.105288 0.129247 0.210577 0.258494
0 0.233293 0.559696 0.466587 0.863301