6 0.818562 0.283239 0.073614 0.127328
6 0.805572 0.540494 0.118649 0.155912
6 0.541282 0.229320 0.027136 0.047207
6 0.207564 0.624080 0.218822 0.264184
2 0.252165 0.705717 0.090358 0.086184
2 0.813799 0.317453 0.043303 0.042443
1 0.833141 0.312473 0.016166 0.026418
5 0.500722 0.325466 0.009527 0.016024
3 0.678984 0.644002 0.039261 0.051104
3 0.745814 0.456042 0.041282 0.053703
3 0.598874 0.323733 0.008372 0.018623
3 0.550520 0.301862 0.012702 0.021654
3 0.393476 0.286921 0.009238 0.022954
3 0.360277 0.258553 0.007506 0.015591
4 0.207130 0.593764 0.202945 0.206150
4 0.817552 0.264184 0.062356 0.071893
4 0.540704 0.222824 0.022517 0.030749
4 0.535941 0.744045 0.019919 0.029450
4 0.589348 0.234084 0.019919 0.035080
4 0.357823 0.211130 0.015878 0.037679
4 0.506207 0.200087 0.025115 0.039844
4 0.809758 0.515375 0.107390 0.115201
4 0.616195 0.662841 0.017610 0.030749
7 0.806005 0.390645 0.099307 0.111737
7 0.813222 0.690775 0.123557 0.241663
7 0.373701 0.247510 0.034931 0.073192
7 0.615618 0.707666 0.025115 0.054569
0 0.276703 0.740364 0.355370 0.519272
0 0.539550 0.785838 0.054273 0.132092
0 0.612009 0.713296 0.033487 0.134257
0 0.386692 0.279775 0.086894 0.176700
0 0.494804 0.288653 0.050231 0.224773
0 0.547488 0.292551 0.047055 0.170204
0 0.582130 0.300130 0.054561 0.168038
0 0.769486 0.407103 0.180427 0.358597
0 0.772517 0.634474 0.221709 0.328281