6 0.362835 0.459750 0.046128 0.069500
2 0.369398 0.474125 0.024002 0.040750
6 0.421901 0.463750 0.011626 0.017500
6 0.400713 0.463000 0.010501 0.014500
6 0.505344 0.453750 0.015376 0.025000
6 0.493906 0.459000 0.014626 0.024000
6 0.471123 0.445125 0.026064 0.045750
2 0.471498 0.449875 0.019314 0.034250
6 0.517064 0.479375 0.024564 0.042750
2 0.518095 0.484125 0.018376 0.031250
6 0.734108 0.383375 0.073880 0.102750
6 0.878774 0.445375 0.075942 0.091750
3 0.627320 0.779000 0.029064 0.083000
3 0.818114 0.770375 0.036377 0.074250
1 0.357960 0.458500 0.006375 0.016000
1 0.460435 0.446250 0.003563 0.012000
1 0.481811 0.451250 0.004313 0.010000
1 0.910557 0.472750 0.011251 0.034000
1 0.847365 0.475750 0.013126 0.024500
1 0.763079 0.410125 0.005813 0.024750
5 0.404463 0.568625 0.021376 0.025750
5 0.429871 0.576500 0.009563 0.011000
5 0.489874 0.592375 0.009938 0.014250
5 0.565160 0.523375 0.012751 0.015750
5 0.500188 0.466625 0.006938 0.009250
5 0.506563 0.465875 0.005063 0.008750
0 0.377086 0.627500 0.076505 0.407500
0 0.461091 0.569875 0.073130 0.294750
0 0.533658 0.584500 0.075380 0.252500
0 0.505438 0.456125 0.016689 0.029750
0 0.902213 0.699625 0.173073 0.600750
0 0.724920 0.666000 0.225764 0.668000
0 0.422464 0.508000 0.024752 0.108000
0 0.401556 0.506875 0.018564 0.103250
0 0.384212 0.506000 0.033377 0.103500