2 0.356020 0.299303 0.057521 0.115220
6 0.355573 0.291265 0.070918 0.133976
2 0.453823 0.428591 0.064845 0.129957
6 0.452126 0.400589 0.081100 0.187031
2 0.620132 0.275054 0.051983 0.121383
6 0.635138 0.250670 0.084494 0.171758
2 0.703287 0.341104 0.097892 0.127010
6 0.711325 0.295016 0.115756 0.222937
2 0.229010 0.502814 0.070025 0.114952
6 0.221508 0.474009 0.086102 0.172026
1 0.188103 0.488344 0.014291 0.038853
1 0.328957 0.314979 0.011254 0.029207
1 0.386299 0.303323 0.006252 0.023580
1 0.420686 0.420820 0.012862 0.040997
1 0.488567 0.413451 0.007503 0.039657
1 0.597446 0.240756 0.004823 0.022240
1 0.755270 0.306538 0.016077 0.047160
5 0.607717 0.670150 0.078957 0.104502
5 0.809843 0.851018 0.086995 0.075027
5 0.628528 0.534566 0.066988 0.073419
5 0.589318 0.506833 0.037156 0.054394
5 0.174973 0.815648 0.079135 0.065916
0 0.172651 0.638264 0.241336 0.505359
0 0.636745 0.480573 0.194176 0.633708
0 0.780457 0.559486 0.420507 0.753483
0 0.464898 0.568462 0.262415 0.524920
0 0.355663 0.518489 0.150411 0.580386