2 0.241829 0.327788 0.082303 0.197866
6 0.216173 0.313818 0.128196 0.226822
2 0.593057 0.305436 0.104996 0.186690
6 0.578916 0.277496 0.133616 0.242570
6 0.088908 0.329058 0.177815 0.586995
6 0.947502 0.410465 0.104996 0.530861
1 0.539797 0.321819 0.027942 0.059436
1 0.183912 0.341504 0.035902 0.056642
1 0.086029 0.410719 0.049111 0.176276
1 0.953091 0.460757 0.041321 0.162052
5 0.628450 0.723393 0.114818 0.090424
5 0.771296 0.694945 0.062151 0.082296
5 0.344115 0.729235 0.043692 0.084328
0 0.253599 0.478918 0.343607 0.556007
0 0.612532 0.467869 0.380694 0.602997
0 0.797629 0.575438 0.404742 0.849124
0 0.228874 0.515240 0.457748 0.961392