6 0.521711 0.597298 0.032923 0.055016
6 0.575308 0.596520 0.028645 0.055793
2 0.576993 0.605463 0.019313 0.032854
2 0.527673 0.612656 0.019443 0.023911
1 0.565262 0.605851 0.005962 0.009914
1 0.518017 0.607504 0.006092 0.013219
5 0.542515 0.679918 0.023461 0.021967
5 0.548023 0.687694 0.011925 0.018468
5 0.566883 0.668351 0.020868 0.024883
0 0.585418 0.730365 0.089566 0.314541
0 0.521581 0.735226 0.063253 0.336314
7 0.520285 0.680307 0.052106 0.109059
7 0.582242 0.680016 0.067660 0.111975
4 0.575956 0.584759 0.027609 0.032659
4 0.523266 0.587772 0.036552 0.035575