6 0.638880 0.251619 0.057680 0.101843
6 0.503075 0.336529 0.063996 0.121763
6 0.364195 0.405503 0.054521 0.083416
6 0.332696 0.182893 0.062999 0.121763
2 0.629737 0.263695 0.035406 0.071713
2 0.495595 0.355080 0.042055 0.082171
2 0.380568 0.416335 0.017453 0.055279
2 0.335356 0.198083 0.042719 0.079432
1 0.521360 0.352465 0.010140 0.031624
1 0.372008 0.416584 0.008311 0.026892
1 0.321393 0.171937 0.012467 0.033616
5 0.646027 0.411355 0.038398 0.038347
5 0.625249 0.419572 0.021775 0.030378
5 0.568983 0.578810 0.029920 0.059014
5 0.432181 0.513571 0.031250 0.042082
5 0.429854 0.507844 0.011968 0.041584
5 0.360123 0.493277 0.040725 0.081175
0 0.279089 0.489044 0.167886 0.755976
0 0.649019 0.504731 0.114195 0.612550
0 0.521858 0.544821 0.201629 0.538347
0 0.370180 0.613048 0.129654 0.507968