6 0.380130 0.362180 0.014463 0.030475
6 0.468078 0.434655 0.018893 0.032819
6 0.304169 0.745458 0.018893 0.035163
6 0.833811 0.499316 0.017068 0.031647
6 0.809121 0.559777 0.015114 0.026763
6 0.877720 0.538386 0.014723 0.025786
2 0.380977 0.374292 0.009902 0.009377
2 0.875896 0.543856 0.010814 0.018363
2 0.831596 0.507033 0.007948 0.010744
2 0.470163 0.443739 0.008469 0.009181
1 0.472248 0.443837 0.002476 0.007033
1 0.878762 0.545517 0.003518 0.008009
1 0.829186 0.504200 0.003127 0.005079
1 0.811596 0.567689 0.003127 0.007033
5 0.860065 0.576773 0.008078 0.010744
5 0.864430 0.569349 0.008469 0.008791
5 0.835244 0.546884 0.006906 0.012307
5 0.841042 0.545517 0.008860 0.010354
5 0.821433 0.573354 0.007166 0.010158
5 0.474528 0.504395 0.005993 0.012893
5 0.451987 0.558019 0.005993 0.013479
5 0.447557 0.434460 0.005472 0.008986
5 0.282476 0.746826 0.008078 0.015237
4 0.302671 0.742626 0.015896 0.031061
4 0.431661 0.396073 0.017980 0.018168
4 0.468078 0.434362 0.017068 0.028717
4 0.833811 0.497070 0.017850 0.023637
4 0.765668 0.597968 0.017850 0.021489
4 0.949446 0.575308 0.020065 0.022661
0 0.882932 0.562415 0.046254 0.073061
0 0.296743 0.797812 0.042345 0.147685
0 0.478827 0.472358 0.038046 0.101192
0 0.437068 0.412776 0.026971 0.055089
0 0.385798 0.372436 0.031792 0.050596
0 0.429511 0.557042 0.050684 0.077554
0 0.827752 0.518461 0.047427 0.075405
0 0.810814 0.588298 0.040912 0.079117