6 0.795413 0.472039 0.047332 0.085526
2 0.794317 0.496299 0.030519 0.035362
2 0.758224 0.446546 0.020102 0.025219
1 0.810947 0.479989 0.008955 0.023026
3 0.740132 0.670504 0.031067 0.037829
3 0.760417 0.597862 0.025219 0.031798
3 0.727156 0.547423 0.013889 0.038377
3 0.595303 0.681058 0.025037 0.027686
3 0.512061 0.680099 0.020468 0.031798
3 0.219481 0.610197 0.023757 0.024671
3 0.145742 0.631579 0.021382 0.027412
4 0.794956 0.455044 0.050439 0.047149
0 0.806743 0.558114 0.165387 0.254386
0 0.772295 0.504386 0.107822 0.215461
0 0.506305 0.597451 0.207420 0.268914
0 0.162920 0.566201 0.140534 0.187774