6 0.633000 0.423625 0.094667 0.144750
6 0.928333 0.374250 0.126000 0.166000
6 0.454917 0.417125 0.087833 0.154250
6 0.343917 0.188000 0.080833 0.160500
2 0.347583 0.227625 0.055500 0.080750
2 0.447333 0.435750 0.058667 0.112500
2 0.614667 0.433750 0.048667 0.114500
2 0.904500 0.378625 0.069667 0.133250
5 0.297333 0.510375 0.053667 0.063750
5 0.344167 0.511375 0.042667 0.061750
5 0.388500 0.675750 0.065000 0.076500
5 0.659250 0.674750 0.057500 0.062000
5 0.720750 0.692250 0.056167 0.066000
5 0.855167 0.513125 0.050333 0.096250
5 0.876333 0.675375 0.040000 0.040250
0 0.398000 0.669875 0.279333 0.660250
0 0.297917 0.553750 0.234167 0.892500
0 0.681500 0.538000 0.243000 0.377500
0 0.905167 0.506625 0.189667 0.447750