6 0.700231 0.570730 0.013889 0.026235
2 0.480999 0.826646 0.009838 0.016461
2 0.505208 0.850694 0.009259 0.012088
2 0.699171 0.576903 0.008681 0.013374
3 0.407407 0.839506 0.009645 0.015947
7 0.488426 0.862397 0.026620 0.070988
7 0.524595 0.868570 0.041474 0.063272
7 0.579765 0.689043 0.032215 0.052469
7 0.698013 0.601980 0.028356 0.045525
4 0.384356 0.811600 0.019483 0.023920
4 0.441069 0.837834 0.017554 0.018261
4 0.483314 0.811085 0.021026 0.019805
0 0.486786 0.849794 0.029128 0.097222
0 0.697531 0.590792 0.030478 0.068930
4 0.506462 0.834491 0.021026 0.022377
4 0.587095 0.648663 0.016397 0.023148
4 0.699846 0.564815 0.013889 0.014403
0 0.385899 0.824717 0.023341 0.051183
0 0.429012 0.852109 0.052855 0.051955
0 0.521026 0.870113 0.049383 0.095679
0 0.578897 0.697659 0.031636 0.124743