2 0.288145 0.330298 0.079880 0.060812
6 0.279926 0.314169 0.099560 0.091526
2 0.697731 0.356537 0.078027 0.050316
6 0.703404 0.335005 0.089373 0.092761
2 0.791271 0.408165 0.068303 0.082883
6 0.802732 0.398904 0.090762 0.101405
2 0.233503 0.409014 0.048854 0.067603
6 0.210928 0.395509 0.093077 0.093996
1 0.192521 0.418892 0.028479 0.027165
1 0.241954 0.331610 0.021301 0.021454
1 0.739639 0.346427 0.015513 0.014354
1 0.833874 0.418660 0.018754 0.026702
5 0.319981 0.525004 0.058810 0.039667
5 0.382612 0.504939 0.048391 0.032875
5 0.406923 0.449221 0.041908 0.035654
5 0.336189 0.365411 0.063441 0.035345
5 0.626534 0.427998 0.053253 0.033647
5 0.593540 0.461414 0.060431 0.035036
5 0.703867 0.513042 0.063441 0.036425
5 0.775179 0.533107 0.052327 0.045377
0 0.796481 0.562201 0.390368 0.423676
0 0.269391 0.544528 0.398009 0.452230
0 0.321718 0.403534 0.215096 0.272110
0 0.684997 0.381849 0.243806 0.190153