6 0.342034 0.377842 0.078411 0.134498
2 0.341098 0.399057 0.071547 0.099279
1 0.372712 0.357876 0.015807 0.041320
5 0.393927 0.535080 0.079867 0.059623
3 0.798877 0.449251 0.020799 0.083749
3 0.603889 0.353023 0.022671 0.104271
3 0.634879 0.333749 0.017263 0.048530
3 0.574459 0.336106 0.026622 0.118691
3 0.495944 0.388103 0.014767 0.060732
3 0.473482 0.372158 0.009775 0.014420
3 0.454659 0.347060 0.009567 0.019689
3 0.440932 0.337354 0.014559 0.034110
3 0.409838 0.338602 0.016431 0.029395
3 0.387791 0.340682 0.012271 0.033555
3 0.178661 0.795618 0.093594 0.031614
0 0.428661 0.658902 0.260399 0.682196