5 0.777039 0.390313 0.055054 0.121040
5 0.740906 0.950375 0.040161 0.099249
5 0.478088 0.952207 0.078979 0.095587
5 0.418640 0.962553 0.060181 0.065373
2 0.451843 0.345816 0.081421 0.130928
2 0.181335 0.421260 0.039917 0.071232
2 0.820679 0.338216 0.078369 0.134408
6 0.459351 0.311390 0.106445 0.199780
6 0.856079 0.304340 0.140381 0.223402
6 0.126404 0.332998 0.180298 0.245926
1 0.500610 0.323476 0.015137 0.052188
1 0.412415 0.311939 0.008911 0.031679
1 0.865173 0.337392 0.013306 0.024355
0 0.828796 0.582860 0.232300 0.800586
0 0.137634 0.598425 0.226685 0.781542
0 0.461792 0.599158 0.294189 0.784838