6 0.348642 0.489903 0.009618 0.015507
2 0.350805 0.492968 0.003847 0.009376
6 0.379538 0.487739 0.013705 0.027047
6 0.390599 0.474035 0.018514 0.022719
2 0.396009 0.476560 0.007213 0.016949
1 0.836619 0.445546 0.027651 0.059502
2 0.834936 0.455463 0.020918 0.040389
6 0.687665 0.468626 0.016831 0.032095
2 0.687425 0.471691 0.012984 0.025965
6 0.715557 0.468806 0.007213 0.028850
6 0.564198 0.478002 0.011301 0.021998
2 0.563717 0.480707 0.008896 0.013704
6 0.546165 0.476740 0.017552 0.023080
5 0.847920 0.445546 0.005530 0.014785
5 0.830729 0.522899 0.022121 0.021637
5 0.808367 0.615759 0.010579 0.026325
5 0.707742 0.566715 0.007935 0.017670
1 0.715436 0.469347 0.003607 0.010458
5 0.684299 0.488280 0.012022 0.025965
1 0.548088 0.481969 0.003607 0.006852
5 0.350926 0.531013 0.004088 0.007573
1 0.383866 0.491345 0.003126 0.006131
1 0.391801 0.479445 0.004088 0.007573
1 0.347800 0.489181 0.002645 0.005409
7 0.346357 0.514245 0.015629 0.041832
7 0.381101 0.529210 0.026930 0.065272
7 0.392282 0.507393 0.013705 0.045438
7 0.540515 0.514245 0.020678 0.056978
7 0.555542 0.516949 0.019957 0.057339
4 0.388916 0.471511 0.012743 0.021277
4 0.378817 0.484133 0.014186 0.019113
4 0.545564 0.473855 0.017312 0.018752
3 0.547608 0.520195 0.010820 0.014785
3 0.384347 0.559502 0.006492 0.013343
0 0.845516 0.604760 0.083914 0.378651
0 0.691272 0.547782 0.040394 0.191850
0 0.393364 0.541832 0.023563 0.161918
0 0.380981 0.549044 0.027651 0.153985
0 0.554580 0.546159 0.030536 0.161197
0 0.537870 0.542914 0.033662 0.155427
0 0.346357 0.529210 0.019957 0.098449
0 0.345516 0.467544 0.009137 0.024162