6 0.248161 0.244850 0.107242 0.151300
6 0.493788 0.264713 0.079614 0.132663
6 0.902403 0.279181 0.124571 0.178764
2 0.884829 0.289603 0.082230 0.148112
2 0.490763 0.284821 0.051332 0.091466
2 0.264182 0.255150 0.060160 0.122364
1 0.224538 0.233325 0.014550 0.036538
1 0.463381 0.278936 0.008010 0.017901
1 0.932402 0.316699 0.025666 0.041932
5 0.842652 0.381437 0.079614 0.083619
5 0.660700 0.604463 0.063593 0.061795
5 0.322952 0.622241 0.040379 0.108141
5 0.197401 0.650074 0.052150 0.096126
5 0.509972 0.463708 0.028936 0.027955
5 0.423982 0.451692 0.030897 0.032859
0 0.715629 0.583374 0.516430 0.833252
0 0.465506 0.565228 0.189145 0.736636
0 0.270394 0.579205 0.374367 0.829819