5 0.435545 0.557617 0.010139 0.011068
5 0.439455 0.537109 0.006952 0.009549
5 0.345742 0.439996 0.003187 0.004991
5 0.343279 0.448459 0.003476 0.004991
4 0.442787 0.516819 0.019409 0.022352
4 0.427144 0.500651 0.016512 0.021267
7 0.418453 0.526584 0.032155 0.029731
7 0.200029 0.476345 0.030417 0.025174
0 0.390498 0.530924 0.089803 0.076606
0 0.428158 0.532986 0.049826 0.059896
0 0.434820 0.440430 0.008111 0.014974
0 0.343569 0.446072 0.016222 0.030599
0 0.201767 0.446723 0.028100 0.044922
0 0.201188 0.476997 0.029838 0.042535
0 0.238268 0.478841 0.037949 0.031467