2 0.260041 0.470561 0.074623 0.064811
6 0.256390 0.459684 0.091054 0.086566
2 0.555226 0.458543 0.089913 0.066941
6 0.560361 0.441883 0.111593 0.101171
2 0.666134 0.457782 0.035600 0.077286
6 0.708010 0.446067 0.120721 0.100715
2 0.731173 0.359881 0.073026 0.067701
6 0.738361 0.348471 0.086947 0.089609
1 0.216796 0.466606 0.011410 0.022212
1 0.607371 0.447893 0.015746 0.022821
1 0.685418 0.455880 0.013008 0.020843
1 0.772821 0.355926 0.017115 0.021147
5 0.257645 0.567929 0.066636 0.043511
5 0.299293 0.567321 0.054085 0.038947
5 0.531721 0.551118 0.085349 0.038491
0 0.260041 0.614331 0.238932 0.466454
0 0.553058 0.634033 0.205614 0.485471
0 0.810018 0.619808 0.341168 0.455804
0 0.846874 0.449186 0.306253 0.305340