2 0.488021 0.453701 0.091473 0.166625
6 0.492629 0.424592 0.107053 0.224843
2 0.255403 0.486575 0.065505 0.168130
2 0.963143 0.452070 0.073714 0.170389
6 0.951416 0.422961 0.097169 0.237139
6 0.232870 0.455332 0.114257 0.232120
1 0.539705 0.435257 0.021612 0.057465
5 0.567851 0.660728 0.066845 0.147553
5 0.492377 0.683061 0.075390 0.106901
5 0.325096 0.815056 0.091305 0.069762
5 0.371419 0.816562 0.037527 0.057215
5 0.909868 0.782058 0.058971 0.113174
5 0.972357 0.793852 0.055286 0.112673
0 0.579829 0.659975 0.323002 0.680050
0 0.927961 0.575408 0.144078 0.550565
0 0.234043 0.670389 0.313285 0.659222