6 0.572000 0.278833 0.133000 0.130333
6 0.299500 0.500583 0.143500 0.121500
2 0.330500 0.523500 0.079000 0.075667
6 0.655500 0.513583 0.150000 0.145833
2 0.636875 0.543083 0.112750 0.087500
2 0.568375 0.299083 0.109750 0.089167
5 0.823500 0.780750 0.098000 0.069833
5 0.669250 0.725500 0.113000 0.048333
5 0.437500 0.429917 0.072000 0.041500
5 0.496750 0.483750 0.088500 0.047167
5 0.331375 0.728083 0.069250 0.032500
5 0.420625 0.688500 0.071250 0.065667
1 0.628625 0.277250 0.015250 0.030167
1 0.703250 0.530583 0.027500 0.037167
0 0.737375 0.627583 0.471750 0.376167
0 0.573500 0.430250 0.344000 0.430833
0 0.281750 0.592417 0.350500 0.304500