2 0.254388 0.266537 0.086122 0.100624
6 0.230868 0.253744 0.134098 0.128081
2 0.550199 0.201092 0.094547 0.075507
6 0.546220 0.175507 0.118418 0.127613
2 0.710625 0.224415 0.103674 0.085023
6 0.718699 0.205226 0.131992 0.122465
1 0.200913 0.272465 0.029722 0.030421
1 0.600281 0.192668 0.011701 0.026209
1 0.756611 0.202652 0.022935 0.037441
5 0.127779 0.570125 0.068336 0.059438
5 0.493915 0.388690 0.109759 0.030733
5 0.489586 0.407722 0.069272 0.031045
5 0.517084 0.414041 0.089633 0.024337
5 0.855371 0.547192 0.080505 0.086895
5 0.646852 0.487598 0.057571 0.035725
0 0.292418 0.532917 0.490288 0.685491
0 0.698806 0.509672 0.486777 0.731981
0 0.554762 0.483619 0.334894 0.736973