6 0.375161 0.589585 0.083532 0.076735
6 0.535249 0.590013 0.069580 0.070983
2 0.535249 0.606658 0.054158 0.034023
2 0.382137 0.607514 0.053424 0.036226
1 0.567377 0.593257 0.010464 0.016277
1 0.350376 0.595888 0.012668 0.018847
5 0.416835 0.683392 0.055994 0.027414
5 0.455388 0.701995 0.025519 0.021050
3 0.601065 0.759271 0.056178 0.049688
3 0.478887 0.741097 0.042409 0.041243
0 0.382045 0.737609 0.179916 0.384531
0 0.562879 0.756333 0.214797 0.409987
7 0.376721 0.668645 0.143932 0.137927
4 0.535983 0.573736 0.075822 0.025456
4 0.379934 0.572757 0.088673 0.039652