5 0.592708 0.666853 0.065179 0.072991
5 0.560417 0.512500 0.030060 0.066964
6 0.211458 0.323996 0.197917 0.307812
6 0.401265 0.304911 0.071875 0.141964
2 0.410268 0.324219 0.052679 0.100223
6 0.648438 0.260937 0.077827 0.150893
2 0.651935 0.281696 0.063095 0.109821
6 0.800372 0.367299 0.197173 0.333705
1 0.614435 0.277790 0.010417 0.035045
1 0.760565 0.425893 0.043452 0.073661
1 0.373363 0.316629 0.014286 0.035491
0 0.631473 0.364621 0.191815 0.357366
0 0.410193 0.364174 0.188244 0.357366
0 0.770982 0.600335 0.458036 0.799330
0 0.252455 0.585603 0.504613 0.828795