6 0.934417 0.516000 0.015500 0.022000
6 0.732000 0.506125 0.012667 0.019250
6 0.683583 0.501250 0.004833 0.016000
6 0.633083 0.483875 0.010167 0.012750
6 0.615583 0.484375 0.009500 0.009750
6 0.588000 0.481750 0.010000 0.014000
6 0.563417 0.473500 0.007167 0.011000
6 0.540250 0.470000 0.005833 0.007000
6 0.456333 0.440000 0.004333 0.007500
6 0.412667 0.448875 0.004333 0.005750
6 0.383917 0.458625 0.004167 0.005750
1 0.630083 0.486000 0.001833 0.005500
5 0.366583 0.621250 0.004167 0.007000
5 0.911083 0.576875 0.007500 0.009750
5 0.996250 0.543250 0.006167 0.011500
5 0.643750 0.504500 0.004833 0.005500
5 0.619583 0.524375 0.004167 0.009750
5 0.556917 0.487875 0.003167 0.006750
5 0.551917 0.500875 0.002500 0.005750
5 0.548833 0.500500 0.003000 0.005500
5 0.442417 0.453625 0.002167 0.005750
0 0.351833 0.608000 0.034333 0.067000
0 0.156333 0.637875 0.029667 0.046250
0 0.932417 0.545000 0.050833 0.081500
0 0.865500 0.530875 0.030333 0.080250
0 0.730583 0.525750 0.028833 0.058500
0 0.700000 0.518625 0.027667 0.065750
0 0.685417 0.520875 0.017500 0.054250
0 0.668417 0.519375 0.018500 0.054250
0 0.646667 0.515625 0.020667 0.047750
0 0.630917 0.509875 0.025500 0.065750
0 0.614833 0.507500 0.019667 0.057500
0 0.586000 0.498500 0.017667 0.049500
0 0.563083 0.490375 0.016500 0.046250
0 0.540833 0.485875 0.017667 0.039250