2 0.471375 0.301270 0.009644 0.013021
6 0.471375 0.295085 0.015503 0.024740
2 0.639404 0.313314 0.008789 0.013021
6 0.638977 0.310791 0.011841 0.018717
6 0.760803 0.407145 0.008179 0.012858
2 0.761169 0.409505 0.005981 0.006836
6 0.303528 0.432454 0.010132 0.017253
2 0.303894 0.434408 0.008423 0.011068
5 0.472290 0.334961 0.008545 0.014648
5 0.481567 0.333171 0.009033 0.011068
5 0.641907 0.332764 0.006226 0.007324
5 0.307983 0.465820 0.008545 0.006510
5 0.774597 0.439697 0.004517 0.008626
5 0.753418 0.443278 0.003662 0.007975
7 0.764282 0.423014 0.028809 0.032878
7 0.479553 0.316488 0.039917 0.031413
7 0.306152 0.453695 0.033936 0.027507
0 0.764526 0.434652 0.029297 0.070150
0 0.478699 0.317220 0.040405 0.072266
0 0.637939 0.322754 0.031250 0.043620
0 0.305176 0.459473 0.036133 0.083008