6 0.602664 0.462563 0.105216 0.093223
6 0.430855 0.457088 0.100777 0.103877
2 0.598446 0.486608 0.067925 0.051642
2 0.429412 0.483871 0.076138 0.048239
1 0.639068 0.471293 0.017314 0.022492
5 0.465261 0.617342 0.047059 0.035218
5 0.332741 0.566958 0.057270 0.040988
3 0.577026 0.617268 0.110322 0.054602
3 0.519534 0.607428 0.033074 0.061557
0 0.420533 0.662622 0.278135 0.525007
0 0.628857 0.691107 0.251720 0.550311
7 0.416204 0.593149 0.225527 0.194880
4 0.599445 0.443770 0.137847 0.050903
4 0.431188 0.432302 0.110322 0.056970