2 0.053635 0.068407 0.107269 0.136814
6 0.053090 0.068407 0.106180 0.136814
6 0.181459 0.335938 0.144024 0.279345
2 0.196842 0.375000 0.113803 0.204268
6 0.498094 0.226562 0.120065 0.227515
2 0.483256 0.250572 0.082222 0.178735
6 0.749932 0.385099 0.178873 0.296113
2 0.716717 0.423971 0.112442 0.218369
5 0.334059 0.687691 0.055540 0.081936
5 0.574190 0.748666 0.077866 0.059070
5 0.315410 0.767149 0.096651 0.041159
1 0.137626 0.377096 0.029132 0.057546
1 0.780969 0.424733 0.029676 0.061357
0 0.447591 0.443216 0.301661 0.670732
0 0.183365 0.473323 0.330792 0.637957
0 0.053771 0.388910 0.107542 0.777820
0 0.761775 0.617188 0.454125 0.765625