6 0.289968 0.435922 0.053398 0.088350
2 0.287945 0.459951 0.040291 0.039320
6 0.363997 0.367354 0.080097 0.152670
2 0.360518 0.379612 0.062783 0.127184
1 0.395712 0.387743 0.015372 0.035680
6 0.550081 0.314442 0.050000 0.083738
2 0.541343 0.319296 0.030906 0.075485
6 0.735922 0.292476 0.127508 0.232524
2 0.725647 0.304976 0.104045 0.205097
1 0.787379 0.312743 0.022006 0.059951
0 0.338754 0.480583 0.230906 0.379126
0 0.266505 0.520024 0.110680 0.261893
0 0.543528 0.419782 0.115210 0.300728
0 0.756392 0.453034 0.336408 0.556553