6 0.150563 0.515187 0.234543 0.158545
2 0.213016 0.547313 0.110138 0.093625
6 0.440801 0.337366 0.156696 0.184079
2 0.439299 0.380841 0.127159 0.097130
6 0.688861 0.358144 0.183730 0.184913
2 0.669086 0.393608 0.144180 0.111983
5 0.196245 0.688084 0.124656 0.068758
5 0.334919 0.663385 0.108636 0.054406
5 0.341927 0.589035 0.097121 0.079272
5 0.554318 0.454022 0.107384 0.084613
5 0.663079 0.701018 0.112140 0.092290
5 0.648811 0.701352 0.125657 0.093959
1 0.510513 0.345794 0.015770 0.037049
1 0.754693 0.370160 0.034043 0.042056
0 0.208260 0.618825 0.416521 0.365821
0 0.430288 0.466121 0.400000 0.470961
0 0.766333 0.531459 0.408761 0.533211