2 0.295156 0.471667 0.032188 0.054167
6 0.276406 0.460729 0.067812 0.078125
2 0.413125 0.443333 0.063750 0.056667
6 0.410000 0.436563 0.070625 0.068125
2 0.541250 0.440833 0.056875 0.038333
6 0.541094 0.424479 0.070937 0.071042
2 0.690156 0.436562 0.055312 0.048542
6 0.702344 0.422917 0.080313 0.077083
1 0.379062 0.436979 0.008125 0.018125
1 0.572500 0.427083 0.010625 0.014167
1 0.723437 0.430208 0.015000 0.021667
5 0.351875 0.530208 0.065000 0.033333
5 0.457813 0.569688 0.062500 0.026042
5 0.544687 0.552292 0.025625 0.029583
5 0.670156 0.535937 0.050312 0.029375
5 0.714688 0.565521 0.063750 0.029792
0 0.750938 0.645000 0.212500 0.507500
0 0.524219 0.623333 0.287812 0.463750
0 0.409219 0.637708 0.242812 0.470417
0 0.263125 0.668542 0.245000 0.495000