6 0.654750 0.422625 0.030833 0.064750
6 0.560000 0.515000 0.035333 0.058000
6 0.698333 0.600750 0.042667 0.059000
2 0.565750 0.524625 0.024500 0.037250
2 0.652500 0.436125 0.026333 0.037750
2 0.683417 0.601000 0.012500 0.040000
1 0.551750 0.535000 0.008500 0.008500
1 0.640667 0.421250 0.002667 0.013000
1 0.667333 0.424125 0.002667 0.010750
5 0.650250 0.727500 0.016167 0.025000
5 0.626083 0.520125 0.023833 0.028750
5 0.624250 0.626625 0.023833 0.022250
5 0.624500 0.623875 0.025333 0.027250
3 0.656917 0.525125 0.020167 0.028750
3 0.543333 0.474125 0.025667 0.027250
3 0.557583 0.476875 0.020833 0.028250
3 0.638667 0.524750 0.019000 0.021500
0 0.640417 0.515250 0.102833 0.247500
0 0.566833 0.600500 0.145333 0.272000
0 0.672833 0.703500 0.109667 0.260500