6 0.340980 0.255657 0.067341 0.137159
6 0.470918 0.266970 0.055054 0.111267
6 0.550389 0.286564 0.061275 0.110800
6 0.688958 0.206671 0.072473 0.124563
5 0.335770 0.436436 0.043546 0.036856
5 0.360809 0.479589 0.054121 0.036856
5 0.457698 0.442034 0.037014 0.033590
5 0.483281 0.441101 0.031571 0.033590
5 0.524184 0.474924 0.028460 0.044320
5 0.543624 0.475041 0.029705 0.045953
5 0.650389 0.553767 0.018351 0.051318
1 0.331493 0.257989 0.011664 0.025192
1 0.493468 0.274784 0.006532 0.023793
1 0.569829 0.291113 0.009642 0.032190
0 0.712364 0.539305 0.153499 0.801026
0 0.331882 0.568463 0.166719 0.772102
0 0.573328 0.573128 0.120529 0.710054
0 0.468818 0.552718 0.118351 0.687894