6 0.711808 0.336723 0.058516 0.105600
6 0.451202 0.417247 0.050157 0.084982
6 0.310554 0.289496 0.107419 0.187239
1 0.271264 0.298133 0.022153 0.045138
1 0.737095 0.339928 0.008359 0.025077
1 0.431452 0.415575 0.008986 0.021454
1 0.686729 0.338534 0.002508 0.007802
2 0.453710 0.430343 0.038871 0.058233
2 0.711599 0.353023 0.044723 0.070215
2 0.312957 0.336166 0.079206 0.093341
5 0.299478 0.642658 0.077325 0.047088
5 0.702090 0.567707 0.041588 0.023126
0 0.229990 0.596545 0.273563 0.806910
0 0.432079 0.505294 0.119749 0.276121
0 0.719645 0.455280 0.167816 0.344943