6 0.299625 0.125114 0.081750 0.076140
6 0.587750 0.216337 0.057500 0.067781
6 0.763375 0.235235 0.070250 0.068872
6 0.590250 0.637470 0.070000 0.047974
5 0.359375 0.172815 0.035750 0.035980
5 0.349375 0.179811 0.028750 0.028530
2 0.307375 0.150463 0.024250 0.025804
2 0.740500 0.251499 0.024500 0.034527
1 0.578875 0.637107 0.006750 0.009086
3 0.466625 0.270307 0.032750 0.028530
7 0.553625 0.266764 0.140750 0.109031
3 0.437000 0.647283 0.041000 0.027621
3 0.436125 0.688806 0.033250 0.018717
7 0.530250 0.711521 0.165500 0.125568
4 0.299500 0.110213 0.081500 0.048519
4 0.587750 0.212248 0.057500 0.058877
4 0.763250 0.222788 0.070000 0.044339
4 0.594625 0.631019 0.061250 0.059422
0 0.293375 0.193440 0.195750 0.217881
0 0.536500 0.252226 0.208500 0.137016
0 0.748875 0.269944 0.161250 0.137198
0 0.520125 0.687625 0.209750 0.175541