6 0.379653 0.539121 0.009054 0.013386
6 0.413732 0.544778 0.011569 0.018288
6 0.332118 0.541290 0.007042 0.013952
6 0.451647 0.605958 0.014210 0.032428
6 0.498051 0.604638 0.014713 0.028281
6 0.524459 0.598699 0.013959 0.029223
6 0.536532 0.538744 0.008426 0.018288
3 0.470762 0.654600 0.006665 0.017722
3 0.467367 0.651395 0.002138 0.008296
5 0.512010 0.653281 0.011695 0.012443
5 0.521881 0.616044 0.008048 0.012632
5 0.526220 0.578243 0.003647 0.007919
5 0.544706 0.580882 0.003144 0.009050
5 0.377012 0.559295 0.004527 0.006976
1 0.449384 0.608503 0.002641 0.006599
1 0.331803 0.543363 0.001383 0.003394
4 0.524459 0.595400 0.013456 0.021493
4 0.498868 0.598699 0.016097 0.023190
4 0.452779 0.600113 0.018234 0.018100
4 0.414235 0.542704 0.011318 0.011501
7 0.442153 0.634521 0.031690 0.056750
7 0.484532 0.628771 0.026157 0.051282
7 0.516851 0.627074 0.026911 0.041855
0 0.494655 0.629431 0.048415 0.086161
0 0.518800 0.627734 0.031313 0.086916
0 0.535211 0.572964 0.021127 0.087481
0 0.449007 0.632824 0.046906 0.087670
0 0.412475 0.579468 0.033451 0.088801