0 0.193514 0.443641 0.238686 0.562852
0 0.378696 0.459569 0.172194 0.557951
0 0.721532 0.584293 0.352720 0.617251
2 0.478925 0.468635 0.081849 0.142367
6 0.482111 0.449400 0.090508 0.177898
2 0.693514 0.438373 0.098350 0.181818
6 0.718183 0.402597 0.152916 0.252879
2 0.735909 0.247856 0.086751 0.119333
6 0.740974 0.215143 0.099167 0.183288
2 0.378533 0.260230 0.059467 0.119579
6 0.379840 0.251164 0.082666 0.137711
2 0.240565 0.270767 0.072047 0.147023
6 0.237216 0.254840 0.090508 0.178388
6 0.108724 0.191497 0.217448 0.382994
0 0.806813 0.453075 0.307956 0.665033
0 0.496324 0.569836 0.309753 0.432002
1 0.411289 0.264886 0.010619 0.031365
1 0.198415 0.252022 0.013233 0.040431
1 0.519523 0.444499 0.013397 0.048027
1 0.748979 0.449032 0.025976 0.060034
1 0.784431 0.219799 0.015194 0.044107
5 0.371263 0.707180 0.056363 0.065670
5 0.361215 0.476844 0.040843 0.062730
5 0.408430 0.494487 0.057834 0.058319
5 0.177994 0.637344 0.066166 0.084293
5 0.134373 0.658172 0.038719 0.061750
5 0.334913 0.852242 0.143441 0.170056
5 0.582503 0.813159 0.044601 0.083558
0 0.280836 0.496202 0.561673 0.992404