2 0.242560 0.500893 0.043452 0.089732
6 0.237202 0.488281 0.060417 0.113616
2 0.390625 0.467076 0.040774 0.072098
6 0.388318 0.458482 0.045089 0.092857
2 0.677158 0.551562 0.041220 0.079464
6 0.680952 0.534598 0.055655 0.116071
2 0.834152 0.594420 0.052232 0.094643
6 0.847619 0.586830 0.081548 0.112500
2 0.069717 0.588058 0.049851 0.118527
6 0.048065 0.573996 0.094940 0.147545
1 0.368973 0.463281 0.005506 0.019866
1 0.409821 0.451116 0.001786 0.016964
1 0.218006 0.506808 0.005655 0.018527
1 0.699777 0.560156 0.011161 0.024777
5 0.320536 0.678795 0.032143 0.048661
5 0.396354 0.707254 0.035863 0.056473
5 0.493304 0.690960 0.025000 0.039955
5 0.670164 0.782366 0.029911 0.037500
5 0.757143 0.819531 0.058631 0.062723
5 0.770387 0.857366 0.036012 0.073661
5 0.177604 0.930692 0.047173 0.070759
5 0.110491 0.880357 0.051339 0.075000
0 0.843676 0.764621 0.232292 0.470759
0 0.683780 0.704353 0.144345 0.454687
0 0.100967 0.751674 0.201637 0.496652
0 0.424256 0.626228 0.166369 0.431027
0 0.222024 0.653348 0.289583 0.442411