6 0.627167 0.147875 0.248333 0.295250
2 0.642667 0.165125 0.218000 0.261750
6 0.548750 0.218750 0.101833 0.211500
2 0.551417 0.238750 0.096500 0.169500
6 0.400417 0.235500 0.144833 0.315000
2 0.404750 0.283750 0.113833 0.217000
6 0.195917 0.108375 0.229500 0.216250
2 0.199583 0.108375 0.168500 0.216250
5 0.167750 0.933875 0.149167 0.132250
5 0.377417 0.812375 0.121500 0.112250
5 0.425500 0.444125 0.085333 0.172250
5 0.589167 0.736125 0.064333 0.085750
5 0.623000 0.892125 0.067333 0.209750
5 0.786833 0.973500 0.155333 0.053000
1 0.098917 0.030625 0.033833 0.060750
1 0.338833 0.267750 0.021667 0.071500
1 0.722583 0.047000 0.047833 0.093500
0 0.385833 0.474625 0.352333 0.789250
0 0.163667 0.500125 0.327000 0.999750
0 0.608917 0.556375 0.260500 0.885250
0 0.734917 0.500125 0.530167 0.999750