2 0.435452 0.192842 0.094195 0.170406
6 0.433850 0.166667 0.116631 0.227030
2 0.737981 0.267228 0.065705 0.109776
6 0.741453 0.240785 0.082977 0.161058
2 0.177974 0.385417 0.050036 0.093483
6 0.176549 0.369925 0.061432 0.125000
1 0.152333 0.381010 0.009437 0.033921
1 0.202012 0.387420 0.007301 0.030716
1 0.385150 0.197783 0.017094 0.057425
1 0.485844 0.189103 0.010862 0.057158
1 0.776264 0.263622 0.011574 0.036325
1 0.707977 0.265491 0.004630 0.022970
5 0.110666 0.745860 0.038640 0.074519
5 0.228543 0.746127 0.031517 0.078793
5 0.431624 0.467682 0.081197 0.092415
5 0.603543 0.925214 0.072115 0.149573
5 0.814459 0.754941 0.053419 0.109776
5 0.672988 0.760016 0.020121 0.076122
0 0.760773 0.585604 0.201745 0.828793
0 0.170050 0.653178 0.180912 0.693643
0 0.455484 0.524172 0.389957 0.948985