6 0.262629 0.425030 0.132240 0.311384
2 0.261439 0.462713 0.106057 0.233637
6 0.568500 0.486910 0.178524 0.305038
2 0.532663 0.507933 0.103147 0.262991
6 0.432690 0.117215 0.130124 0.233637
2 0.430971 0.135660 0.101296 0.195954
6 0.623512 0.196351 0.133563 0.234034
2 0.626951 0.220151 0.101825 0.186434
6 0.769505 0.059104 0.092304 0.117414
5 0.205104 0.886553 0.049458 0.092820
5 0.280481 0.904205 0.103941 0.095597
5 0.400555 0.928996 0.134092 0.078540
5 0.742925 0.975010 0.106850 0.049980
1 0.205237 0.458152 0.014811 0.076160
1 0.319624 0.443276 0.015075 0.067830
1 0.489156 0.111860 0.018249 0.057914
1 0.677202 0.209837 0.008728 0.051567
0 0.518910 0.658271 0.581857 0.678699
0 0.845015 0.500000 0.309971 0.999207
0 0.269770 0.600555 0.354404 0.667196
0 0.436392 0.314359 0.235916 0.627925
0 0.734065 0.504760 0.373182 0.856406