2 0.252882 0.488551 0.042835 0.075701
6 0.252882 0.471495 0.059657 0.109813
2 0.362617 0.460864 0.033333 0.064720
6 0.364330 0.456542 0.041121 0.074299
2 0.560592 0.511332 0.033333 0.066121
6 0.572196 0.498481 0.056542 0.094626
2 0.654984 0.531192 0.026791 0.071729
6 0.673520 0.516706 0.065109 0.104439
2 0.796028 0.553855 0.053738 0.124065
6 0.818769 0.543458 0.099844 0.145794
2 0.954050 0.369393 0.091900 0.241121
6 0.948442 0.298715 0.103115 0.379206
6 0.085981 0.496963 0.171651 0.307477
1 0.230607 0.490304 0.008255 0.019393
1 0.381776 0.463084 0.006854 0.017290
1 0.581620 0.520210 0.009969 0.021729
1 0.830452 0.564252 0.018224 0.032710
5 0.393769 0.678972 0.030530 0.054206
5 0.432243 0.647547 0.028972 0.041822
5 0.536215 0.704206 0.029128 0.032243
5 0.577492 0.704790 0.028816 0.020327
5 0.629907 0.746729 0.036137 0.049533
5 0.630062 0.743692 0.031776 0.055140
5 0.750467 0.808178 0.048598 0.062617
5 0.749611 0.801402 0.040654 0.064486
5 0.267913 0.671729 0.045483 0.061682
5 0.271262 0.676986 0.037227 0.053972
5 0.730140 0.956192 0.066199 0.087617
5 0.202103 0.775467 0.044081 0.065421
5 0.207165 0.927921 0.038629 0.049299
0 0.679907 0.682009 0.173209 0.440654
0 0.575389 0.629673 0.130841 0.358879
0 0.384268 0.589720 0.137383 0.339252
0 0.257009 0.597079 0.162928 0.364252
0 0.831542 0.686449 0.190498 0.432710
0 0.847897 0.564720 0.303894 0.870561
0 0.151402 0.672196 0.302492 0.652336