6 0.283620 0.546951 0.193117 0.136180
6 0.528521 0.362333 0.132887 0.140429
2 0.534417 0.390801 0.106437 0.083493
5 0.660134 0.718611 0.133525 0.049076
5 0.634481 0.690142 0.131294 0.032505
5 0.774379 0.667623 0.065647 0.033779
5 0.442957 0.685150 0.079669 0.038666
6 0.182600 0.471638 0.027406 0.022945
6 0.281230 0.440195 0.024538 0.023794
6 0.317081 0.464946 0.021033 0.013384
6 0.356278 0.465689 0.030593 0.024644
1 0.590025 0.356065 0.009242 0.030168
1 0.474665 0.371680 0.014340 0.025706
0 0.602135 0.497557 0.410134 0.416826
0 0.400255 0.723072 0.662205 0.518589
0 0.178936 0.490015 0.034098 0.059698
0 0.258764 0.448269 0.068196 0.040790
0 0.365679 0.475781 0.049395 0.045677