6 0.648333 0.514750 0.010333 0.021500
2 0.648917 0.519500 0.006833 0.010000
1 0.644333 0.515625 0.002333 0.004750
6 0.477667 0.539875 0.012000 0.024750
1 0.472750 0.539000 0.002500 0.005000
2 0.477750 0.544875 0.010167 0.013750
6 0.288083 0.586375 0.015500 0.032750
2 0.289000 0.591500 0.011667 0.021000
1 0.281750 0.587125 0.002833 0.007250
0 0.649500 0.533625 0.034667 0.059750
0 0.475417 0.561000 0.026833 0.069000
0 0.288083 0.617000 0.049167 0.101500
5 0.296833 0.660625 0.011333 0.014250
5 0.308667 0.660125 0.007333 0.012750
5 0.648833 0.559125 0.006333 0.009250
5 0.664667 0.554500 0.004333 0.010000