2 0.678716 0.210491 0.099193 0.094149
6 0.688130 0.187962 0.123403 0.141448
2 0.401648 0.380632 0.058171 0.049765
6 0.420982 0.371217 0.097512 0.071284
2 0.190316 0.311253 0.059180 0.037884
6 0.188635 0.292984 0.078682 0.076664
1 0.441493 0.386236 0.017485 0.017485
1 0.223100 0.297131 0.008406 0.015916
5 0.215703 0.479937 0.046738 0.036315
5 0.160558 0.473549 0.026564 0.023537
5 0.271688 0.501121 0.054472 0.018606
5 0.551110 0.537884 0.061197 0.024882
5 0.771015 0.568819 0.066577 0.072405
0 0.195696 0.372450 0.197041 0.242771
0 0.713517 0.536987 0.347680 0.855189
0 0.377102 0.429388 0.309011 0.190316