6 0.006217 0.959147 0.005033 0.007105
6 0.048771 0.865231 0.005181 0.009325
6 0.082445 0.841696 0.005033 0.009325
6 0.149497 0.811390 0.004144 0.008215
6 0.154751 0.807171 0.004292 0.008215
6 0.195382 0.805062 0.004144 0.007549
6 0.176806 0.807171 0.004589 0.007771
6 0.172069 0.911190 0.005477 0.009769
6 0.257253 0.931061 0.004737 0.008659
6 0.325858 0.996226 0.004589 0.007549
6 0.336960 0.996337 0.004885 0.007327
6 0.391800 0.961257 0.004737 0.011767
6 0.437685 0.977798 0.004737 0.009769
6 0.204041 0.593361 0.003108 0.005995
6 0.238085 0.603464 0.003108 0.005773
6 0.239417 0.579818 0.003108 0.006439
6 0.281231 0.598357 0.003256 0.005329
6 0.291149 0.635324 0.003552 0.006883
6 0.289668 0.647536 0.003848 0.005995
6 0.298771 0.647202 0.003108 0.005773
6 0.292185 0.684059 0.004144 0.005773
6 0.297735 0.676177 0.003700 0.005995
6 0.546699 0.894982 0.004292 0.008881
6 0.560613 0.880107 0.003700 0.007105
6 0.565571 0.878663 0.005033 0.009547
6 0.573564 0.912522 0.005625 0.007993
6 0.539890 0.696936 0.003404 0.007993
6 0.509029 0.623224 0.004144 0.006661
6 0.500148 0.627109 0.003256 0.006439
6 0.490897 0.635879 0.003108 0.005773
6 0.545441 0.583925 0.003256 0.005329
6 0.585406 0.559836 0.002960 0.005551
6 0.513396 0.487567 0.003404 0.005329
6 0.527161 0.488122 0.003404 0.004663
6 0.527383 0.498557 0.002960 0.005107
6 0.559651 0.453264 0.002368 0.005107
6 0.579115 0.447935 0.002812 0.004218
6 0.588736 0.521203 0.003700 0.005551
6 0.608052 0.512322 0.002960 0.005107
6 0.573046 0.581039 0.003108 0.005329
6 0.577931 0.584480 0.002812 0.005551
6 0.629070 0.572713 0.003848 0.006883
6 0.609088 0.582593 0.003848 0.006217
6 0.621374 0.492007 0.003256 0.005329
6 0.618857 0.496337 0.002960 0.004663
6 0.623150 0.498779 0.003256 0.005107
6 0.657564 0.505551 0.003404 0.005773
6 0.607978 0.436168 0.003108 0.004663
6 0.603316 0.442052 0.002664 0.004440
6 0.645352 0.452265 0.003552 0.004885
6 0.065053 0.888210 0.004589 0.007771
6 0.489343 0.375111 0.002368 0.004663
0 0.035376 0.994005 0.011545 0.011989
0 0.008511 0.966918 0.010805 0.024423
0 0.051214 0.884547 0.014506 0.050178
0 0.065571 0.893428 0.007993 0.020426
0 0.085406 0.842584 0.012433 0.013321
0 0.173623 0.930062 0.011841 0.047957
0 0.158748 0.823046 0.012581 0.041297
0 0.152753 0.830484 0.014506 0.046847
0 0.175696 0.818939 0.009473 0.030417
0 0.193754 0.819272 0.013914 0.038188
0 0.257993 0.944605 0.017170 0.038410
0 0.205003 0.606461 0.006217 0.032638
0 0.237123 0.616452 0.011545 0.029973
0 0.241119 0.592695 0.007697 0.031306
0 0.281528 0.615342 0.007105 0.040631
0 0.292407 0.643428 0.009325 0.022202
0 0.290409 0.662189 0.009473 0.036190
0 0.300326 0.664298 0.011841 0.039076
0 0.292481 0.702043 0.009177 0.042185
0 0.299734 0.692385 0.011249 0.038410
0 0.395204 0.977353 0.021018 0.045293
0 0.437685 0.985790 0.010065 0.028419
0 0.576451 0.924512 0.015542 0.033748
0 0.546477 0.914631 0.013914 0.048623
0 0.559651 0.891097 0.005625 0.029529
0 0.565571 0.889099 0.007105 0.033970
0 0.561945 0.745448 0.009621 0.041519
0 0.540557 0.711257 0.011545 0.038410
0 0.508141 0.637211 0.008289 0.036856
0 0.499260 0.640098 0.008585 0.034636
0 0.491119 0.647091 0.006217 0.029973
0 0.545293 0.597580 0.010065 0.033970
0 0.572084 0.588588 0.006217 0.020870
0 0.578819 0.591474 0.009325 0.019094
0 0.608348 0.587145 0.008881 0.016652
0 0.585924 0.571825 0.009621 0.030417
0 0.624038 0.577931 0.013914 0.018206
0 0.659488 0.542851 0.006661 0.023091
0 0.648165 0.551177 0.007993 0.021536
0 0.643576 0.562944 0.013321 0.015764
0 0.618191 0.504218 0.006365 0.020870
0 0.620634 0.511545 0.010065 0.031972
0 0.607756 0.525755 0.006217 0.033748
0 0.587626 0.532749 0.006217 0.029529
0 0.658822 0.516319 0.007401 0.025977
0 0.654529 0.521647 0.007993 0.014432
0 0.514062 0.499334 0.009177 0.030195
0 0.525385 0.511989 0.008733 0.030195
0 0.526199 0.493006 0.005329 0.015764
0 0.559503 0.457371 0.005033 0.012433
0 0.580003 0.456372 0.006365 0.021980
0 0.649201 0.466474 0.005921 0.030639
0 0.643428 0.463588 0.006217 0.029307
0 0.631809 0.466252 0.007845 0.027531
0 0.625740 0.446381 0.006661 0.029085
0 0.621818 0.441829 0.006217 0.022647
0 0.484680 0.392762 0.004292 0.028419
0 0.488899 0.391763 0.004440 0.026865
0 0.496226 0.396314 0.005773 0.025311
0 0.501850 0.391874 0.005477 0.027087