5 0.371544 0.785239 0.017997 0.028739
5 0.427034 0.772532 0.013954 0.024438
5 0.200248 0.866764 0.020214 0.027957
5 0.246609 0.857576 0.018779 0.027566
3 0.458464 0.755816 0.015780 0.028543
3 0.567619 0.748974 0.012650 0.020332
3 0.604656 0.738514 0.014737 0.016227
3 0.664450 0.693353 0.013563 0.026784
3 0.796883 0.694037 0.017606 0.019550
3 0.738067 0.671163 0.009520 0.021896
3 0.722092 0.690714 0.020866 0.027370
3 0.447835 0.741251 0.018519 0.011926
0 0.240610 0.767253 0.105895 0.187488
0 0.390128 0.722972 0.089593 0.166960
0 0.458659 0.697947 0.072770 0.142326
0 0.567553 0.691007 0.085290 0.148778
0 0.593310 0.634506 0.065597 0.112023
0 0.684924 0.648778 0.075900 0.105376
0 0.759650 0.653568 0.090245 0.120039
0 0.795383 0.639589 0.071466 0.118671