6 0.757214 0.366402 0.082714 0.191129
6 0.863500 0.351296 0.173857 0.228627
6 0.297286 0.388472 0.087714 0.173559
6 0.086286 0.449539 0.123714 0.212556
2 0.847571 0.411399 0.067714 0.109706
2 0.758571 0.397150 0.071143 0.119777
2 0.300571 0.413328 0.061714 0.116992
2 0.110929 0.455539 0.066143 0.140990
1 0.070143 0.444933 0.025143 0.048639
1 0.886857 0.386758 0.018000 0.045854
5 0.309214 0.724663 0.079571 0.062138
5 0.320643 0.685451 0.033000 0.022284
5 0.413571 0.637562 0.038000 0.055067
5 0.652071 0.419434 0.041571 0.070066
5 0.700857 0.663060 0.067143 0.066638
5 0.741214 0.634669 0.055286 0.035140
5 0.742786 0.715770 0.101000 0.128348
0 0.736571 0.457682 0.218000 0.361688
0 0.183857 0.658774 0.367714 0.619027
0 0.828786 0.587422 0.342429 0.689736
0 0.317000 0.492715 0.261143 0.397900