6 0.499750 0.436500 0.113500 0.087333
6 0.841750 0.467417 0.140500 0.081167
6 0.322000 0.396667 0.146000 0.128333
2 0.810250 0.473333 0.075000 0.066667
2 0.503125 0.446833 0.090750 0.083667
2 0.363750 0.404083 0.060500 0.094833
1 0.450625 0.439750 0.014750 0.022833
1 0.332125 0.384833 0.021750 0.039667
1 0.861875 0.460583 0.021750 0.025500
5 0.642375 0.623667 0.089750 0.059000
5 0.613875 0.736167 0.062250 0.035667
5 0.869250 0.622167 0.083000 0.059333
5 0.309750 0.798667 0.096500 0.049667
0 0.267000 0.640250 0.272500 0.666500
0 0.503750 0.685583 0.318000 0.628833
0 0.798750 0.688000 0.402500 0.624000