2 0.765583 0.452000 0.040833 0.109500
2 0.566750 0.484000 0.052500 0.103000
2 0.204167 0.439750 0.060333 0.122000
6 0.802500 0.447000 0.116333 0.177500
6 0.570833 0.480250 0.083333 0.123000
6 0.186833 0.423875 0.098333 0.156250
1 0.598167 0.497375 0.010000 0.032250
1 0.164167 0.442500 0.021000 0.042500
5 0.469250 0.499375 0.037500 0.075250
5 0.668667 0.706500 0.049000 0.065000
5 0.706500 0.700125 0.042667 0.058250
5 0.232750 0.679625 0.065167 0.058250
5 0.136750 0.690500 0.037167 0.039000
0 0.198833 0.527000 0.260000 0.345500
0 0.542167 0.566000 0.205000 0.299000
0 0.768833 0.550250 0.249667 0.382500