6 0.229351 0.360788 0.119608 0.213309
2 0.249490 0.403246 0.078786 0.128394
6 0.373656 0.403246 0.100966 0.212084
2 0.385631 0.449479 0.075929 0.118800
1 0.204109 0.385691 0.024765 0.047152
1 0.341203 0.434783 0.016465 0.031843
5 0.302830 0.480812 0.048578 0.121453
5 0.452715 0.664625 0.063954 0.073893
5 0.503062 0.663401 0.051436 0.070218
5 0.319703 0.765462 0.028167 0.082466
4 0.237311 0.313533 0.143693 0.140029
4 0.376854 0.338232 0.122330 0.119208
7 0.387944 0.688100 0.191591 0.434783
0 0.221527 0.621453 0.224520 0.755052
0 0.420601 0.639314 0.283576 0.721372
3 0.195673 0.913452 0.074296 0.096754