6 0.582714 0.447289 0.053143 0.078637
6 0.588000 0.498393 0.054857 0.089136
6 0.359286 0.469145 0.041143 0.095779
6 0.314571 0.451039 0.061714 0.103278
2 0.326786 0.462717 0.026714 0.066210
2 0.360571 0.495607 0.034286 0.043711
2 0.573857 0.512856 0.022000 0.056353
2 0.567143 0.456075 0.020571 0.048211
1 0.317857 0.457682 0.008000 0.023570
1 0.340357 0.483608 0.006429 0.017142
1 0.585000 0.506321 0.008571 0.024855
5 0.505857 0.617313 0.027429 0.043711
5 0.526286 0.643561 0.028286 0.038354
5 0.558714 0.606171 0.025429 0.028712
5 0.393500 0.629955 0.026143 0.036426
5 0.361071 0.606385 0.029571 0.031712
5 0.403929 0.562460 0.016429 0.017999
0 0.336071 0.656632 0.246714 0.514035
0 0.558714 0.520034 0.131429 0.234840
0 0.352500 0.508464 0.072714 0.168417
0 0.600143 0.564067 0.144000 0.223913