6 0.089137 0.246479 0.039336 0.059376
6 0.278961 0.438001 0.032840 0.093344
6 0.666366 0.250345 0.064598 0.105772
6 0.787171 0.359431 0.063695 0.131732
2 0.781848 0.376692 0.054132 0.094449
5 0.247293 0.582712 0.037351 0.047501
5 0.273818 0.731980 0.027968 0.051091
5 0.566492 0.624137 0.028329 0.063518
5 0.881000 0.119028 0.063695 0.101077
5 0.888037 0.502762 0.020390 0.037835
1 0.694334 0.266087 0.009022 0.028998
1 0.640563 0.266363 0.012992 0.031759
1 0.272375 0.445043 0.012811 0.024579
0 0.336972 0.662662 0.219957 0.537697
0 0.800704 0.538249 0.224648 0.923502
0 0.151750 0.523060 0.174666 0.615300
0 0.646969 0.570423 0.189282 0.785695