2 0.436382 0.540740 0.106533 0.103458
6 0.425126 0.504489 0.131055 0.167917
2 0.644523 0.482109 0.107538 0.102519
6 0.638090 0.468775 0.122010 0.129188
6 0.279196 0.609890 0.233970 0.196730
1 0.376784 0.535245 0.015477 0.034307
1 0.307839 0.628585 0.035578 0.049451
5 0.676583 0.815800 0.096482 0.089654
5 0.722111 0.707920 0.068543 0.048646
5 0.804523 0.678370 0.054070 0.039668
5 0.669749 0.663160 0.082412 0.054543
5 0.568744 0.732444 0.141709 0.052667
0 0.662312 0.551528 0.358593 0.293353
0 0.544322 0.589252 0.426131 0.339051
0 0.371658 0.754891 0.708342 0.490217