5 0.704000 0.508375 0.181667 0.430250
6 0.239833 0.134625 0.351000 0.268750
5 0.425917 0.285250 0.002833 0.007000
5 0.437417 0.288125 0.002500 0.004750
5 0.449417 0.281500 0.003500 0.009000
5 0.458917 0.284875 0.004833 0.010250
5 0.541250 0.296875 0.007167 0.007750
5 0.531667 0.301625 0.008000 0.008250
5 0.510750 0.396000 0.006167 0.010500
5 0.527583 0.392750 0.004500 0.008000
5 0.538750 0.401125 0.005167 0.005750
5 0.389250 0.406125 0.004167 0.008750
5 0.413083 0.388125 0.004500 0.005250
6 0.408333 0.247750 0.007667 0.014000
2 0.409667 0.249000 0.005667 0.011000
6 0.432917 0.251000 0.006500 0.009500
2 0.433667 0.251500 0.004667 0.009500
6 0.455750 0.243750 0.005833 0.014500
2 0.455000 0.245250 0.004333 0.011500
6 0.521167 0.269125 0.012667 0.024750
2 0.522667 0.273250 0.008333 0.014000
6 0.554083 0.260500 0.012833 0.026500
2 0.552583 0.265500 0.009167 0.016500
6 0.538833 0.373125 0.010333 0.016250
2 0.535833 0.374625 0.004667 0.012250
6 0.515083 0.373375 0.008500 0.019750
2 0.514750 0.375250 0.005833 0.014000
6 0.444333 0.377875 0.007667 0.011750
2 0.442500 0.378750 0.003667 0.009000
6 0.421333 0.375250 0.007000 0.014000
2 0.420417 0.377375 0.005167 0.009250
6 0.395000 0.375625 0.006333 0.014250
2 0.395667 0.378375 0.003667 0.007750
0 0.519250 0.290000 0.031833 0.066000
0 0.406583 0.277875 0.021167 0.079250
0 0.418167 0.394750 0.022000 0.052000
0 0.441417 0.397500 0.023500 0.051000
0 0.530667 0.399125 0.042000 0.068750
0 0.430833 0.282250 0.016667 0.073000
0 0.395000 0.398250 0.021333 0.059500
0 0.507000 0.401250 0.040333 0.076000
0 0.553750 0.284625 0.031500 0.079250
0 0.455917 0.277875 0.017167 0.081750
1 0.458167 0.244750 0.002333 0.003000
1 0.556333 0.260000 0.002667 0.006500
1 0.518583 0.268625 0.002833 0.006750
0 0.397167 0.500125 0.794000 0.999750
0 0.397417 0.500000 0.794500 0.999500