2 0.244762 0.413687 0.114182 0.226144
2 0.384224 0.287748 0.114637 0.206559
2 0.564227 0.362446 0.110841 0.163744
6 0.217279 0.364837 0.167628 0.325211
6 0.376860 0.237987 0.133617 0.315646
6 0.561494 0.274539 0.157000 0.343657
1 0.322958 0.265771 0.022776 0.063767
1 0.172943 0.414484 0.035226 0.070143
5 0.401002 0.832498 0.151534 0.121840
5 0.500607 0.687315 0.094746 0.158962
5 0.595354 0.474038 0.092317 0.175131
0 0.412770 0.421886 0.275888 0.684354
0 0.239447 0.602482 0.478591 0.795035
0 0.597631 0.430767 0.362587 0.671146