6 0.087533 0.564479 0.035958 0.033596
6 0.768373 0.715136 0.090551 0.102187
2 0.756430 0.731496 0.061942 0.068766
6 0.782021 0.577253 0.094751 0.086789
2 0.769948 0.591951 0.067454 0.064392
1 0.796719 0.728084 0.018110 0.026247
1 0.819948 0.586614 0.018373 0.028521
1 0.072572 0.568766 0.004462 0.007174
5 0.108005 0.575766 0.014436 0.018373
5 0.650787 0.880402 0.049606 0.041120
5 0.667323 0.853368 0.079528 0.031846
5 0.767323 0.823710 0.063255 0.038320
5 0.693570 0.808486 0.077953 0.036220
0 0.812992 0.831496 0.374016 0.337008
0 0.788451 0.683465 0.266667 0.319860
0 0.088320 0.655643 0.105774 0.214873