3 0.547676 0.589973 0.006772 0.010714
3 0.605600 0.577610 0.008053 0.011813
3 0.593887 0.562363 0.009151 0.015385
3 0.641014 0.504808 0.005673 0.009615
3 0.461109 0.607555 0.006406 0.015659
3 0.457632 0.589560 0.008968 0.014835
3 0.671029 0.442308 0.007504 0.010989
0 0.468247 0.593681 0.041545 0.121429
0 0.571010 0.589286 0.053075 0.093407
0 0.617130 0.555769 0.049048 0.088462
0 0.617679 0.502885 0.044290 0.050275
0 0.678258 0.426236 0.036237 0.070604
0 0.644583 0.434341 0.039531 0.038462
0 0.657394 0.491484 0.045754 0.086264