6 0.509124 0.406681 0.136638 0.290517
6 0.591164 0.412177 0.088075 0.179095
6 0.145402 0.433297 0.092816 0.162716
6 0.666379 0.472091 0.075287 0.143750
6 0.707399 0.519612 0.061925 0.104310
5 0.333333 0.559698 0.115230 0.046121
5 0.297917 0.681250 0.068247 0.056897
1 0.136710 0.464224 0.013649 0.024138
1 0.468032 0.436853 0.013937 0.050000
1 0.660057 0.469073 0.014655 0.029526
0 0.200216 0.530819 0.264799 0.358621
0 0.451293 0.551616 0.352586 0.580388
0 0.610632 0.580172 0.128161 0.517241
0 0.705675 0.604634 0.155029 0.410991
0 0.738865 0.564332 0.162500 0.191164