2 0.395536 0.376488 0.131250 0.150000
6 0.411049 0.346205 0.185938 0.207887
6 0.038951 0.136607 0.077902 0.110417
2 0.684040 0.454092 0.161830 0.133482
6 0.709040 0.424479 0.216741 0.193601
0 0.674219 0.579911 0.608259 0.507143
1 0.778460 0.446577 0.031920 0.050893
1 0.468415 0.335565 0.031027 0.047024
1 0.058036 0.148438 0.026339 0.032887
5 0.418304 0.618824 0.085268 0.056101
5 0.215625 0.560565 0.139286 0.058929
5 0.124665 0.537574 0.108705 0.053720
5 0.112500 0.428646 0.122321 0.070387
5 0.568527 0.787426 0.174554 0.087649
0 0.151451 0.321205 0.302902 0.436458