2 0.618083 0.296875 0.130833 0.259750
6 0.639667 0.271375 0.176000 0.311750
2 0.467000 0.186625 0.049667 0.097750
6 0.473167 0.174625 0.068667 0.121750
2 0.076667 0.295125 0.045667 0.135250
6 0.049667 0.277875 0.099000 0.173250
6 0.284167 0.537375 0.131333 0.208750
1 0.694417 0.304625 0.030167 0.066750
1 0.048083 0.297625 0.018167 0.044750
1 0.225000 0.598000 0.018000 0.051500
5 0.572250 0.741000 0.089833 0.129000
5 0.620833 0.836375 0.108000 0.150750
5 0.185250 0.614250 0.072500 0.074500
5 0.306083 0.368125 0.031500 0.080750
6 0.320583 0.222125 0.069167 0.118750
2 0.329583 0.233625 0.047500 0.092750
5 0.351750 0.500625 0.029500 0.035750
0 0.635083 0.558750 0.401833 0.882500
0 0.109583 0.595375 0.218833 0.809250
0 0.204167 0.713750 0.408000 0.572500
0 0.310750 0.338625 0.148833 0.358250
0 0.469917 0.325500 0.162833 0.432000