6 0.152123 0.269244 0.142925 0.282839
6 0.900472 0.246292 0.199057 0.359110
2 0.162146 0.316914 0.110142 0.157133
1 0.097642 0.284781 0.021698 0.064619
3 0.494575 0.655367 0.104717 0.150424
3 0.754599 0.552613 0.162972 0.186441
3 0.336085 0.365819 0.112736 0.228814
3 0.055542 0.240996 0.111085 0.213630
4 0.155896 0.221575 0.176887 0.179732
4 0.902476 0.170198 0.191745 0.212571
7 0.881368 0.696681 0.237264 0.590395
7 0.153184 0.683439 0.306368 0.624647
0 0.199764 0.557203 0.399528 0.875000
0 0.712972 0.537429 0.574057 0.925141