6 0.169662 0.331981 0.166957 0.279770
2 0.211270 0.399110 0.082345 0.147082
6 0.691643 0.330411 0.121598 0.246794
2 0.692167 0.361555 0.100663 0.184507
6 0.928908 0.369144 0.142184 0.449882
5 0.326762 0.718791 0.089323 0.103900
5 0.379710 0.679534 0.052512 0.074588
5 0.574494 0.654410 0.075366 0.114368
5 0.667394 0.692751 0.086008 0.111489
5 0.568475 0.947789 0.099616 0.104423
5 0.746075 0.820204 0.088800 0.149176
5 0.798587 0.802539 0.090893 0.109657
5 0.839759 0.754776 0.084264 0.115153
1 0.160939 0.385763 0.026692 0.052342
1 0.745900 0.341795 0.013433 0.065951
1 0.641748 0.356713 0.022854 0.059147
1 0.909107 0.485082 0.041870 0.114891
0 0.684229 0.480895 0.453245 0.551950
0 0.758287 0.571055 0.483426 0.857891
0 0.229676 0.492541 0.350488 0.601413
0 0.174895 0.526302 0.349442 0.947396