2 0.202543 0.344124 0.052693 0.113546
6 0.201380 0.340388 0.063664 0.117032
2 0.422041 0.349851 0.052527 0.112550
6 0.422623 0.335284 0.064328 0.143177
2 0.672041 0.356449 0.054189 0.117779
6 0.673537 0.351220 0.066157 0.132719
6 0.905668 0.410234 0.023438 0.032122
5 0.119681 0.699826 0.034574 0.050050
5 0.150349 0.630478 0.026762 0.055279
5 0.315409 0.564741 0.042387 0.102092
5 0.434840 0.584910 0.046210 0.104582
5 0.678275 0.591633 0.057015 0.082171
5 0.688414 0.559014 0.055352 0.056773
5 0.875000 0.532122 0.008976 0.030378
1 0.173537 0.350971 0.008311 0.029133
1 0.230303 0.353586 0.004488 0.027390
1 0.450465 0.340264 0.008976 0.030627
1 0.395279 0.343127 0.008644 0.033367
1 0.701213 0.361429 0.010140 0.032620
1 0.643534 0.354084 0.005485 0.030876
0 0.693567 0.558018 0.399102 0.547809
0 0.355801 0.540463 0.304688 0.553038
0 0.147108 0.562251 0.257979 0.561255
0 0.903258 0.499502 0.067154 0.210657
0 0.865858 0.545817 0.040226 0.125000