6 0.187788 0.479665 0.165962 0.245746
2 0.227788 0.503317 0.085192 0.197289
6 0.451250 0.317421 0.077115 0.175079
2 0.442981 0.353620 0.059423 0.101529
6 0.893462 0.426738 0.090385 0.178541
2 0.889615 0.441015 0.074231 0.148255
5 0.422596 0.881742 0.082115 0.099221
5 0.377115 0.865157 0.082308 0.071243
5 0.032981 0.766080 0.050962 0.074416
5 0.430962 0.633833 0.071154 0.053937
1 0.171923 0.533891 0.033077 0.036343
0 0.258173 0.655610 0.411346 0.688780
0 0.854712 0.663542 0.290577 0.672916
0 0.428462 0.520479 0.255000 0.583502