6 0.263863 0.436012 0.110432 0.128289
2 0.308858 0.439928 0.018092 0.071272
2 0.575188 0.396303 0.084586 0.033835
6 0.567552 0.368969 0.109258 0.092262
6 0.897674 0.453947 0.176927 0.130952
6 0.082824 0.466400 0.165179 0.233239
1 0.847392 0.477522 0.023731 0.034305
5 0.322368 0.524044 0.111842 0.104480
5 0.218398 0.546836 0.050987 0.121554
5 0.404370 0.521930 0.079417 0.071742
5 0.441729 0.510808 0.058741 0.054198
5 0.614192 0.586231 0.050752 0.024593
5 0.664591 0.588581 0.042998 0.022086
5 0.747180 0.557487 0.088346 0.107143
5 0.791353 0.550360 0.076598 0.092888
0 0.625000 0.494361 0.256109 0.357143
0 0.317434 0.497180 0.306861 0.269110
0 0.820019 0.699875 0.344925 0.600251
0 0.190202 0.654057 0.379934 0.608866