6 0.741000 0.333167 0.061500 0.056000
2 0.750250 0.343667 0.040500 0.030667
6 0.019000 0.610083 0.037500 0.126500
2 0.017875 0.625583 0.034750 0.081833
6 0.882375 0.274917 0.058750 0.043167
6 0.872000 0.576750 0.155000 0.114500
5 0.669625 0.471000 0.026750 0.031667
5 0.808375 0.478833 0.022750 0.023333
5 0.828625 0.444083 0.027250 0.022833
3 0.505375 0.624083 0.068750 0.071167
5 0.959500 0.975083 0.079000 0.049833
0 0.729500 0.461000 0.178000 0.310333
0 0.041000 0.765167 0.081500 0.455000
0 0.413375 0.794417 0.281250 0.408167
0 0.869125 0.761667 0.261750 0.476667
0 0.896125 0.400667 0.174250 0.296000