5 0.259635 0.569816 0.146383 0.153567
5 0.529074 0.657887 0.087221 0.128484
5 0.242816 0.545987 0.087728 0.158863
2 0.578262 0.290831 0.140297 0.226589
2 0.447093 0.441890 0.089588 0.221572
2 0.668611 0.842809 0.045808 0.089744
6 0.594828 0.258361 0.163624 0.279264
6 0.394861 0.392837 0.191684 0.351449
6 0.668019 0.820513 0.058485 0.103122
1 0.530341 0.209866 0.025862 0.066890
1 0.416160 0.443841 0.026369 0.077759
0 0.434415 0.556438 0.489858 0.887124
0 0.341278 0.620262 0.475321 0.759476
0 0.637086 0.877230 0.116633 0.245541