5 0.495808 0.709727 0.053622 0.060973
5 0.583755 0.649229 0.041284 0.041993
5 0.606849 0.678055 0.023252 0.019454
5 0.677871 0.871649 0.046346 0.040332
5 0.768507 0.668802 0.049510 0.067853
6 0.649953 0.656702 0.062955 0.125267
2 0.641885 0.666429 0.041443 0.105338
6 0.523094 0.651008 0.065169 0.126690
2 0.525308 0.665836 0.053780 0.095611
6 0.606454 0.505101 0.057893 0.125741
2 0.605505 0.529656 0.046504 0.077106
6 0.791680 0.519929 0.063271 0.117912
2 0.793973 0.542823 0.052990 0.070225
1 0.495255 0.660142 0.008858 0.030130
1 0.631762 0.508066 0.006327 0.023488
1 0.579880 0.502728 0.005378 0.017082
1 0.764315 0.520878 0.008542 0.028707
0 0.515501 0.719336 0.159443 0.264294
0 0.625910 0.591459 0.160709 0.297034
0 0.673758 0.748280 0.164979 0.310320
0 0.779737 0.671293 0.138406 0.487544