2 0.260500 0.162750 0.113667 0.164000
6 0.271250 0.122750 0.144833 0.245000
2 0.673667 0.224500 0.110000 0.221500
2 0.599417 0.146250 0.054167 0.096500
6 0.725417 0.211000 0.216167 0.248500
6 0.599750 0.139625 0.063167 0.105750
2 0.056083 0.615125 0.111833 0.428750
6 0.063333 0.632750 0.126333 0.523000
5 0.580167 0.687125 0.131667 0.103750
5 0.576500 0.831125 0.149667 0.131250
5 0.564417 0.475000 0.086500 0.076500
5 0.504250 0.420000 0.057833 0.077500
5 0.252250 0.535625 0.088167 0.075750
5 0.379917 0.431750 0.058167 0.107000
5 0.179333 0.915000 0.128000 0.170000
5 0.269500 0.930625 0.105667 0.138750
1 0.744000 0.200875 0.033667 0.090750
1 0.210333 0.094000 0.019000 0.057000
0 0.736500 0.501375 0.470000 0.997250
0 0.610583 0.257500 0.279833 0.514500
0 0.245417 0.341500 0.335500 0.682500
0 0.162000 0.683000 0.323667 0.631000