6 0.246433 0.567475 0.093943 0.077628
6 0.472409 0.591015 0.090983 0.090207
6 0.606595 0.587421 0.100942 0.073315
6 0.816689 0.602336 0.104980 0.080863
6 0.408345 0.770710 0.143203 0.111411
2 0.788291 0.608805 0.048183 0.054627
2 0.628937 0.593441 0.051952 0.058760
2 0.476985 0.610332 0.072140 0.050494
2 0.264468 0.578077 0.055182 0.056424
2 0.453970 0.774573 0.046568 0.072776
1 0.434186 0.597574 0.014536 0.019587
1 0.815747 0.611590 0.007806 0.015993
5 0.756258 0.748967 0.043876 0.031626
5 0.734993 0.733872 0.041723 0.031626
5 0.672544 0.712040 0.052490 0.049775
5 0.708883 0.708446 0.027725 0.040072
5 0.517766 0.826056 0.050336 0.034501
5 0.515209 0.871429 0.087752 0.038275
5 0.230283 0.835580 0.041723 0.058221
0 0.410498 0.696945 0.267026 0.298473
0 0.826110 0.779335 0.228264 0.441330
0 0.615612 0.677718 0.207268 0.258940
0 0.431898 0.830099 0.259219 0.226235
0 0.198250 0.760916 0.189233 0.476011