6 0.674577 0.384416 0.125129 0.264043
2 0.235243 0.215506 0.063169 0.106912
6 0.240076 0.196091 0.078012 0.153508
2 0.120124 0.315040 0.056610 0.113901
6 0.109769 0.288377 0.084915 0.167228
1 0.270538 0.209293 0.013635 0.046337
1 0.727132 0.356200 0.011736 0.045043
5 0.635485 0.408620 0.068692 0.213565
5 0.693649 0.400337 0.086296 0.215118
5 0.134967 0.367331 0.041767 0.083873
5 0.228857 0.285012 0.071108 0.086461
5 0.283828 0.387911 0.070935 0.058245
5 0.084570 0.556433 0.067311 0.056692
0 0.288488 0.510614 0.193131 0.776340
0 0.094408 0.593710 0.188816 0.812063
0 0.695547 0.561222 0.325164 0.616101