6 0.192622 0.538411 0.008160 0.012240
6 0.221354 0.521224 0.009375 0.014844
6 0.239670 0.505859 0.006076 0.010156
6 0.245747 0.503385 0.009549 0.017187
6 0.252691 0.502604 0.005729 0.012500
6 0.271615 0.504818 0.008854 0.014323
6 0.304080 0.517839 0.009549 0.013281
6 0.340191 0.529557 0.007812 0.010156
6 0.358594 0.517839 0.009896 0.012760
6 0.358333 0.480990 0.007986 0.012500
6 0.388628 0.475781 0.008507 0.011458
6 0.414757 0.502995 0.007639 0.011719
6 0.434722 0.486849 0.007986 0.015365
5 0.326910 0.514062 0.003819 0.008333
5 0.277517 0.541406 0.005382 0.008333
7 0.190538 0.562891 0.017882 0.038802
7 0.156076 0.619531 0.021528 0.032813
7 0.319965 0.539974 0.017361 0.033073
3 0.549219 0.532292 0.011285 0.034375
3 0.513194 0.483464 0.015625 0.015885
6 0.159375 0.598958 0.008333 0.014062
6 0.539583 0.464062 0.012153 0.021354
1 0.542188 0.467318 0.002083 0.007031
0 0.153646 0.614844 0.026042 0.045833
0 0.187760 0.575260 0.033854 0.091146
0 0.219705 0.554688 0.032118 0.086458
0 0.245486 0.541667 0.023958 0.098958
0 0.255903 0.507422 0.009028 0.023177
0 0.270486 0.534245 0.035417 0.072656
0 0.234201 0.519661 0.016667 0.039844
0 0.208681 0.580990 0.017014 0.064583
0 0.311545 0.540625 0.034549 0.061979
0 0.322396 0.547917 0.023611 0.051042
0 0.340625 0.549349 0.019444 0.051302
0 0.358333 0.540625 0.035764 0.057813
0 0.365017 0.521875 0.027257 0.091667
0 0.385417 0.509635 0.030903 0.078646
0 0.419271 0.527865 0.025694 0.062500
0 0.439236 0.518229 0.017708 0.082813