6 0.109897 0.483742 0.032161 0.061834
2 0.109808 0.489606 0.022743 0.049041
6 0.515370 0.203891 0.031450 0.061301
2 0.516702 0.206557 0.025586 0.055970
6 0.720949 0.382329 0.050995 0.090352
2 0.723881 0.390325 0.034115 0.073294
5 0.088930 0.588886 0.019367 0.032783
5 0.114872 0.657783 0.023632 0.033582
5 0.765814 0.592084 0.029495 0.047175
5 0.721215 0.622868 0.028429 0.055437
5 0.522033 0.394323 0.025231 0.040245
5 0.532516 0.412846 0.018124 0.028252
0 0.120824 0.676306 0.098436 0.447495
0 0.512349 0.408982 0.083689 0.472548
0 0.719350 0.662846 0.123490 0.652452
1 0.501688 0.206956 0.004442 0.012527