2 0.364571 0.332758 0.124540 0.270301
6 0.321933 0.314355 0.213497 0.304348
2 0.686656 0.264550 0.126994 0.259029
6 0.710506 0.233954 0.177454 0.317460
2 0.563190 0.390499 0.019018 0.052680
6 0.555905 0.390844 0.032055 0.051990
2 0.195245 0.307108 0.040184 0.070853
6 0.199233 0.305498 0.048160 0.071314
6 0.064724 0.422130 0.101227 0.162411
5 0.364724 0.678169 0.129141 0.194157
5 0.529218 0.589947 0.012730 0.032896
5 0.593021 0.508167 0.016718 0.044628
0 0.317868 0.582471 0.386350 0.832298
0 0.765414 0.534967 0.462117 0.930067
0 0.557669 0.575224 0.095092 0.424891
0 0.081518 0.664136 0.162730 0.654244