2 0.378402 0.307027 0.062005 0.129941
6 0.379693 0.292818 0.093868 0.161457
2 0.035394 0.584087 0.070444 0.208732
6 0.035653 0.543400 0.070961 0.288039
2 0.759215 0.538491 0.080262 0.127874
6 0.761798 0.507492 0.097141 0.189873
2 0.958577 0.606820 0.082845 0.146215
6 0.958750 0.559287 0.082501 0.242315
1 0.342318 0.294110 0.013607 0.043658
1 0.803135 0.516533 0.011368 0.044691
5 0.362556 0.563808 0.062349 0.061741
5 0.424819 0.556187 0.080090 0.056833
5 0.306579 0.935030 0.090596 0.129941
5 0.333276 0.967967 0.090251 0.064066
5 0.884430 0.917334 0.072683 0.086283
5 0.834309 0.867864 0.046848 0.032291
5 0.962883 0.960475 0.074234 0.079049
0 0.906218 0.708215 0.187565 0.546887
0 0.368326 0.591449 0.219600 0.725136
0 0.767999 0.657970 0.201860 0.471196
0 0.191268 0.701111 0.382191 0.597778