6 0.188875 0.658833 0.070250 0.060333
6 0.338750 0.664333 0.064000 0.049333
6 0.567500 0.575083 0.055500 0.061833
6 0.645750 0.674083 0.079000 0.054500
6 0.674625 0.645083 0.064250 0.052167
0 0.566875 0.660833 0.139250 0.228667
0 0.212125 0.715833 0.250750 0.186333
0 0.322875 0.663833 0.109250 0.092000
5 0.548500 0.599833 0.047000 0.025667
5 0.309500 0.724333 0.029000 0.014667
2 0.347500 0.678333 0.041000 0.022000
2 0.198750 0.666083 0.047500 0.038500
2 0.565375 0.582333 0.045250 0.047333
1 0.686625 0.650583 0.013250 0.019500
1 0.633250 0.687500 0.021500 0.018333
1 0.593250 0.584750 0.009000 0.019500
1 0.167750 0.669417 0.018000 0.023167
5 0.593000 0.742417 0.031000 0.031500
0 0.416125 0.782917 0.186750 0.318167
0 0.661375 0.779917 0.204250 0.314500
0 0.700875 0.683833 0.099250 0.151333