2 0.882020 0.350246 0.074398 0.174781
2 0.809172 0.406455 0.072757 0.153173
2 0.542943 0.436679 0.051969 0.092724
2 0.274799 0.401395 0.068198 0.142505
2 0.197210 0.331647 0.082239 0.189551
6 0.919584 0.292533 0.160832 0.288020
6 0.816375 0.385120 0.095915 0.199672
6 0.546681 0.411789 0.069657 0.149070
6 0.262947 0.389633 0.092998 0.172593
6 0.153902 0.261761 0.187819 0.318381
1 0.926969 0.275848 0.026805 0.040755
1 0.853118 0.374726 0.018782 0.055799
1 0.575310 0.431619 0.009847 0.036652
1 0.515956 0.421225 0.004559 0.015864
1 0.230306 0.389360 0.022611 0.046225
1 0.139861 0.275164 0.032093 0.071663
5 0.460886 0.561132 0.034464 0.041302
5 0.508753 0.575082 0.037564 0.052243
5 0.616065 0.651121 0.057075 0.076313
5 0.499362 0.643873 0.062910 0.088621
0 0.528720 0.471554 0.200401 0.271335
0 0.729668 0.447347 0.272976 0.326860
0 0.267050 0.412062 0.534099 0.638129
0 0.790026 0.487965 0.419949 0.623085
0 0.267323 0.398796 0.101751 0.193107