5 0.505991 0.752682 0.125358 0.118026
5 0.512876 0.784335 0.054006 0.074571
5 0.523069 0.675027 0.086552 0.119367
5 0.473802 0.688036 0.042740 0.060086
6 0.135551 0.298686 0.203505 0.327521
2 0.183029 0.376073 0.106044 0.173283
1 0.115254 0.365612 0.040594 0.074571
6 0.313394 0.283530 0.135014 0.220494
2 0.356402 0.331411 0.047926 0.123659
6 0.575376 0.267033 0.094242 0.197693
2 0.568848 0.290907 0.078326 0.145655
1 0.615612 0.280177 0.013770 0.045333
6 0.877325 0.217275 0.168455 0.270923
2 0.839235 0.249195 0.095851 0.203326
1 0.897532 0.250134 0.032904 0.067328
0 0.360157 0.522130 0.280043 0.721298
0 0.726216 0.541309 0.547568 0.917382
0 0.575465 0.522666 0.193491 0.700912
0 0.282368 0.552575 0.564378 0.894850