6 0.969140 0.170535 0.061720 0.210762
6 0.639793 0.128462 0.113417 0.233184
6 0.191841 0.366394 0.132231 0.222633
2 0.969931 0.191111 0.060137 0.174360
2 0.643309 0.169876 0.083876 0.141915
2 0.217250 0.379451 0.085634 0.191242
1 0.591261 0.148510 0.018815 0.056449
1 0.167575 0.409918 0.030596 0.048536
5 0.614823 0.349116 0.078952 0.169085
5 0.667663 0.345291 0.056972 0.150356
5 0.305258 0.541282 0.081590 0.120812
5 0.256814 0.535874 0.060313 0.158006
5 0.920872 0.491691 0.063654 0.086521
5 0.966854 0.481799 0.057851 0.132155
0 0.169158 0.597204 0.338315 0.698496
0 0.629330 0.420601 0.265166 0.841203
0 0.872956 0.460037 0.254088 0.763387