6 0.696211 0.275778 0.137151 0.249164
6 0.583833 0.255721 0.100291 0.202366
6 0.412138 0.430702 0.169724 0.354333
6 0.237785 0.377346 0.147780 0.227565
2 0.673581 0.286578 0.105949 0.159681
2 0.579805 0.281692 0.077147 0.145282
2 0.395680 0.451916 0.141951 0.311391
2 0.236756 0.385189 0.098748 0.195937
1 0.472827 0.443173 0.041145 0.083569
1 0.743700 0.264207 0.017144 0.035228
5 0.285359 0.895989 0.136636 0.155053
5 0.426796 0.895989 0.207955 0.147853
5 0.776959 0.969658 0.109721 0.053484
0 0.211212 0.546542 0.266072 0.578298
0 0.574147 0.447930 0.194754 0.569812
0 0.381107 0.614168 0.644608 0.771664
0 0.810046 0.579198 0.379907 0.827205