2 0.497368 0.223115 0.048285 0.106452
6 0.501906 0.216444 0.087130 0.132861
2 0.228081 0.360332 0.125068 0.225701
6 0.181067 0.324394 0.214740 0.297577
2 0.744237 0.384971 0.120167 0.269534
6 0.783899 0.362782 0.201307 0.310645
1 0.158196 0.400354 0.049918 0.075960
1 0.815938 0.421454 0.040661 0.072965
5 0.443002 0.388511 0.030314 0.062619
5 0.477219 0.435611 0.044291 0.047917
5 0.403158 0.838143 0.058813 0.115165
5 0.580232 0.853662 0.080414 0.113531
5 0.558087 0.865641 0.077873 0.108086
0 0.227991 0.508576 0.410601 0.823850
0 0.488473 0.512796 0.186967 0.723387
0 0.727446 0.602777 0.417680 0.791723