5 0.260948 0.535290 0.056433 0.073138
5 0.344695 0.849135 0.105643 0.058540
5 0.452935 0.841911 0.109932 0.058540
5 0.843002 0.849661 0.072460 0.082167
6 0.439165 0.404816 0.134312 0.124304
2 0.438939 0.412641 0.110384 0.106245
1 0.377314 0.409029 0.011512 0.033409
1 0.494131 0.425282 0.009029 0.016855
6 0.652822 0.350263 0.154402 0.141008
1 0.718172 0.354176 0.022799 0.037472
1 0.583860 0.365463 0.011964 0.032054
2 0.646614 0.362904 0.121219 0.112716
0 0.385327 0.669526 0.387810 0.660948
0 0.713318 0.639654 0.396388 0.719789