6 0.287500 0.724500 0.009000 0.014000
6 0.355667 0.726000 0.006000 0.008000
6 0.247667 0.722000 0.004000 0.005000
6 0.380500 0.724750 0.005667 0.009500
6 0.382333 0.728500 0.006000 0.010000
6 0.400667 0.726000 0.006667 0.010000
6 0.518667 0.726250 0.008667 0.014500
6 0.905333 0.731750 0.012000 0.019500
6 0.764833 0.732750 0.006333 0.010500
6 0.985167 0.700750 0.029667 0.073500
2 0.978333 0.714000 0.016667 0.045000
4 0.287667 0.722250 0.008667 0.010500
4 0.355833 0.725000 0.005000 0.007000
4 0.400333 0.724250 0.006667 0.007500
4 0.906333 0.728250 0.015333 0.011500
4 0.764667 0.730750 0.006667 0.007500
5 0.276833 0.760000 0.003667 0.009000
5 0.295667 0.760750 0.004000 0.008500
0 0.246333 0.732250 0.007333 0.025500
0 0.256167 0.733250 0.007667 0.019500
0 0.285833 0.756250 0.023000 0.079500
0 0.356000 0.753250 0.016000 0.066500
0 0.378000 0.749750 0.010000 0.061500
0 0.383167 0.753500 0.015000 0.060000
0 0.399833 0.754500 0.016333 0.069000
0 0.450333 0.737750 0.006667 0.018500
0 0.463500 0.741250 0.009000 0.027500
0 0.518833 0.765000 0.020333 0.090000
0 0.908167 0.779750 0.033667 0.115500
0 0.765333 0.754250 0.015333 0.053500
0 0.982500 0.831500 0.035000 0.337000