2 0.482739 0.358519 0.090336 0.173782
2 0.685461 0.356347 0.104951 0.182282
2 0.321217 0.268512 0.098148 0.192860
6 0.319768 0.234700 0.136072 0.261995
6 0.486897 0.327730 0.131662 0.240650
6 0.691067 0.309596 0.139095 0.278051
1 0.266158 0.223744 0.021041 0.058746
5 0.304334 0.503778 0.082021 0.094824
5 0.654529 0.571779 0.068036 0.111069
5 0.673239 0.564413 0.026332 0.053646
5 0.368590 0.716566 0.031876 0.048923
0 0.496472 0.480450 0.235227 0.543823
0 0.288900 0.425293 0.204107 0.645448
0 0.722250 0.395164 0.299483 0.463166