6 0.429083 0.521250 0.020500 0.041000
2 0.428250 0.527000 0.016167 0.029000
1 0.438167 0.522250 0.002667 0.010000
6 0.636000 0.499625 0.013667 0.031250
2 0.635750 0.504875 0.011833 0.020250
6 0.776750 0.488250 0.013833 0.025000
1 0.777500 0.491250 0.010000 0.018000
6 0.771250 0.487250 0.002833 0.007000
0 0.431750 0.567250 0.055500 0.139000
0 0.637167 0.534125 0.035333 0.100750
0 0.773583 0.516000 0.035500 0.081000
5 0.409750 0.561500 0.010167 0.024500
5 0.443417 0.627250 0.011833 0.021500
5 0.622833 0.535375 0.006667 0.017750
5 0.639083 0.578375 0.007500 0.013250
5 0.767500 0.515500 0.005667 0.015500