2 0.446250 0.332750 0.087500 0.180000
6 0.436667 0.322250 0.107333 0.199000
2 0.797917 0.296000 0.101833 0.185500
6 0.785417 0.273375 0.125833 0.228750
6 0.103417 0.362500 0.206500 0.503500
6 0.919167 0.350875 0.161667 0.442750
1 0.392583 0.340375 0.020833 0.051250
1 0.746333 0.316625 0.027000 0.055250
1 0.099750 0.419250 0.051833 0.154000
1 0.872500 0.499250 0.052333 0.145500
5 0.501750 0.686875 0.091500 0.083250
5 0.410500 0.694375 0.082000 0.088750
5 0.424250 0.826250 0.103833 0.117500
5 0.804083 0.692000 0.107167 0.076000
0 0.430833 0.478375 0.379667 0.520750
0 0.268250 0.554000 0.524833 0.892000
0 0.774167 0.443750 0.290667 0.568500
0 0.808167 0.567625 0.383667 0.864750