2 0.349573 0.520216 0.066298 0.125314
6 0.341704 0.506153 0.083375 0.153943
2 0.260757 0.486690 0.071823 0.178302
6 0.243512 0.465846 0.112674 0.221497
2 0.612004 0.346560 0.068810 0.140633
6 0.619454 0.331115 0.088398 0.169513
2 0.927172 0.497238 0.070651 0.170266
6 0.945672 0.477398 0.108656 0.211954
1 0.652352 0.344048 0.017914 0.040683
1 0.217646 0.456554 0.019086 0.062783
1 0.309392 0.520969 0.018416 0.044450
1 0.971622 0.499372 0.025280 0.060020
5 0.396786 0.820065 0.092416 0.071572
5 0.418299 0.814415 0.084547 0.065294
5 0.474468 0.766449 0.062280 0.051733
5 0.508287 0.750502 0.037167 0.048970
5 0.694877 0.824460 0.069814 0.063285
5 0.698728 0.780136 0.072158 0.054997
0 0.642056 0.517830 0.250795 0.546961
0 0.389252 0.609367 0.272560 0.370919
0 0.250963 0.660849 0.419890 0.610497
0 0.829315 0.688096 0.339360 0.623807