2 0.862167 0.397500 0.068667 0.129000
2 0.639167 0.412000 0.069333 0.134000
2 0.405667 0.425000 0.070667 0.142500
2 0.165167 0.460125 0.082667 0.163750
6 0.866083 0.384125 0.100833 0.164750
6 0.640250 0.396375 0.084167 0.171250
6 0.404583 0.403875 0.098500 0.190250
6 0.163167 0.449875 0.118333 0.210750
1 0.677750 0.397625 0.015167 0.038250
1 0.446833 0.424125 0.019333 0.042250
5 0.969583 0.749125 0.060833 0.100750
0 0.133167 0.551250 0.266333 0.437500
0 0.387667 0.451250 0.261000 0.278000
0 0.891667 0.584625 0.216667 0.584250
0 0.661750 0.518750 0.249833 0.394500