2 0.385872 0.404008 0.070128 0.119224
6 0.374128 0.381287 0.096000 0.165688
2 0.540340 0.417922 0.033872 0.122032
6 0.510894 0.401072 0.094809 0.154710
2 0.765957 0.386137 0.057532 0.131989
6 0.782894 0.377585 0.091745 0.149094
1 0.343745 0.391499 0.015149 0.037018
5 0.427574 0.630457 0.054809 0.062037
5 0.582213 0.634669 0.034894 0.055144
5 0.619234 0.637861 0.051064 0.055910
5 0.730894 0.639520 0.050723 0.066377
5 0.695489 0.637478 0.041532 0.060761
0 0.791574 0.651902 0.232681 0.696196
0 0.388766 0.649349 0.245106 0.701302
0 0.538468 0.657519 0.214298 0.684963