6 0.458875 0.436583 0.258250 0.216167
6 0.275625 0.412583 0.170750 0.128167
6 0.912750 0.371750 0.174500 0.152833
6 0.715750 0.325500 0.102500 0.077000
6 0.515750 0.327833 0.104500 0.069333
6 0.343375 0.313167 0.066750 0.051333
6 0.163000 0.338333 0.067500 0.064667
6 0.033875 0.344250 0.067250 0.069167
2 0.169125 0.349167 0.054250 0.040000
2 0.484750 0.453167 0.184000 0.182000
1 0.221000 0.431750 0.025500 0.037500
1 0.919375 0.389250 0.021250 0.021167
5 0.061875 0.640833 0.059750 0.058000
0 0.337750 0.588500 0.596000 0.525667
0 0.847375 0.400667 0.305250 0.212000