6 0.930412 0.533991 0.139175 0.236204
6 0.744401 0.589843 0.096338 0.153292
2 0.706274 0.597174 0.020796 0.106105
6 0.487469 0.451480 0.063455 0.126100
2 0.495734 0.467342 0.046214 0.095974
6 0.101760 0.255532 0.203164 0.417755
5 0.854781 0.644362 0.060434 0.128499
5 0.574387 0.843375 0.042481 0.082378
5 0.521241 0.683018 0.060256 0.061850
5 0.459563 0.730605 0.046747 0.042922
0 0.510931 0.628499 0.172592 0.487070
0 0.688678 0.750067 0.273551 0.480139
0 0.166815 0.515329 0.332563 0.932551
0 0.885265 0.705012 0.214540 0.589976