2 0.350485 0.217773 0.131112 0.129883
6 0.350119 0.179993 0.162608 0.203491
2 0.765519 0.360168 0.138253 0.125854
6 0.795550 0.336670 0.199414 0.169434
6 0.414851 0.742188 0.288409 0.224854
1 0.282000 0.206604 0.007325 0.026489
1 0.282183 0.768982 0.023439 0.039673
5 0.135323 0.461609 0.068119 0.055298
5 0.280809 0.504761 0.104926 0.075439
5 0.679271 0.640869 0.107489 0.083984
5 0.729262 0.642090 0.141549 0.080811
5 0.780077 0.763428 0.148691 0.068604
0 0.761033 0.466492 0.477934 0.432251
0 0.291339 0.335632 0.422267 0.551636
0 0.457059 0.804749 0.854422 0.390503