2 0.333371 0.550000 0.072991 0.059524
6 0.327344 0.539732 0.085938 0.079464
2 0.183036 0.454241 0.061161 0.057292
6 0.176339 0.447545 0.079911 0.071875
2 0.578013 0.441220 0.055134 0.056250
6 0.579576 0.434524 0.069420 0.070536
2 0.630804 0.585640 0.081250 0.071280
6 0.626562 0.568378 0.096429 0.108482
2 0.814397 0.481324 0.117188 0.067708
6 0.814955 0.453720 0.143750 0.122917
6 0.127902 0.614583 0.255357 0.225000
6 0.024888 0.427307 0.049330 0.149256
2 0.014621 0.442188 0.028795 0.070982
0 0.598772 0.642336 0.273884 0.257292
0 0.599777 0.526339 0.188393 0.247024
0 0.215848 0.510342 0.182589 0.199554
0 0.356808 0.607440 0.289509 0.215179
0 0.863616 0.696949 0.272768 0.606101
1 0.292188 0.547693 0.016071 0.020089
1 0.366295 0.530134 0.005357 0.013244
1 0.876674 0.457440 0.019866 0.026190
1 0.584598 0.578497 0.011607 0.025446
5 0.534710 0.732961 0.056027 0.042113
5 0.774777 0.764955 0.098661 0.063244
5 0.820424 0.696801 0.013616 0.025446
5 0.396652 0.833036 0.129911 0.063690
5 0.418750 0.830357 0.078125 0.084226
5 0.556808 0.535789 0.044420 0.026637
5 0.045647 0.502976 0.070759 0.036310
5 0.079241 0.489732 0.032143 0.027083
0 0.232143 0.734598 0.463839 0.513542