2 0.156001 0.405752 0.077626 0.139691
6 0.153009 0.388073 0.088597 0.171564
2 0.443650 0.349851 0.081782 0.165339
6 0.443733 0.332171 0.093251 0.200697
2 0.614694 0.409114 0.066489 0.123506
6 0.610289 0.392181 0.079953 0.159861
2 0.849900 0.337525 0.078790 0.156624
6 0.852144 0.325324 0.094249 0.187998
1 0.402427 0.340264 0.008311 0.048556
1 0.812251 0.348979 0.013464 0.047062
1 0.894282 0.334910 0.010971 0.048805
1 0.116024 0.405254 0.014295 0.044074
5 0.123753 0.766559 0.064328 0.058018
5 0.202959 0.776021 0.077793 0.064990
5 0.371509 0.690115 0.055851 0.051046
5 0.453291 0.766310 0.070811 0.080926
5 0.573138 0.741160 0.053524 0.072958
5 0.560755 0.740911 0.023770 0.062500
5 0.772773 0.698083 0.052527 0.080428
5 0.814079 0.677789 0.089262 0.068725
0 0.421459 0.611554 0.300366 0.759462
0 0.864611 0.615911 0.270778 0.768177
0 0.183344 0.651270 0.349734 0.697460
0 0.615941 0.649029 0.183344 0.672560