5 0.292846 0.379872 0.121552 0.245595
5 0.484339 0.515750 0.025093 0.035238
5 0.504983 0.516818 0.029365 0.041111
5 0.644777 0.576749 0.142730 0.188201
5 0.644510 0.506273 0.098416 0.093166
0 0.300498 0.502670 0.411639 0.819007
0 0.497242 0.517485 0.133476 0.539509
0 0.750311 0.606781 0.374444 0.638014
6 0.280388 0.369060 0.173874 0.301922
2 0.254672 0.380272 0.029543 0.070742
2 0.352020 0.381207 0.029899 0.151628
6 0.512369 0.298852 0.054102 0.099573
2 0.507208 0.308062 0.039153 0.081153
6 0.788130 0.420448 0.162840 0.262680
2 0.758409 0.442338 0.100908 0.217832
1 0.818918 0.447411 0.032568 0.065136