6 0.552997 0.251782 0.076754 0.174616
2 0.550713 0.271793 0.070358 0.131305
6 0.841648 0.509868 0.051352 0.082237
6 0.141904 0.568394 0.049890 0.084156
2 0.146016 0.588268 0.036550 0.044956
1 0.157346 0.567571 0.011330 0.018366
1 0.519737 0.235471 0.010234 0.040022
5 0.084978 0.728893 0.030336 0.033443
5 0.107548 0.738350 0.040753 0.052906
3 0.047880 0.837308 0.021930 0.069353
3 0.222222 0.716694 0.026316 0.038651
3 0.491411 0.533580 0.065424 0.087993
3 0.596674 0.558936 0.042398 0.072368
3 0.850512 0.676672 0.045687 0.049068
0 0.516447 0.480674 0.213450 0.633498
0 0.161276 0.650768 0.182566 0.247259
0 0.856817 0.584978 0.132127 0.231908