6 0.530097 0.946811 0.008452 0.014019
6 0.521027 0.936504 0.006803 0.012095
6 0.496702 0.954371 0.009276 0.014843
6 0.561534 0.942139 0.004947 0.007971
6 0.555143 0.941451 0.004535 0.007697
6 0.733766 0.945987 0.003092 0.007422
6 0.746856 0.949285 0.002886 0.004123
6 0.743249 0.947636 0.003092 0.005223
6 0.873840 0.950385 0.003711 0.005772
6 0.893012 0.947224 0.003711 0.004948
0 0.565244 0.962754 0.012369 0.051402
0 0.458256 0.571330 0.008246 0.030511
0 0.517213 0.698736 0.010719 0.033535
0 0.555762 0.703271 0.008658 0.020066
0 0.496289 0.973612 0.026592 0.052776
0 0.519687 0.964953 0.016904 0.070093
0 0.530097 0.969351 0.020820 0.061297
0 0.555556 0.962617 0.013193 0.050577
0 0.733457 0.954096 0.007009 0.023639
0 0.444857 0.179082 0.009483 0.029962