2 0.423316 0.241297 0.087834 0.169966
6 0.422482 0.212400 0.104976 0.229579
2 0.170206 0.240046 0.082524 0.142890
6 0.161787 0.218885 0.100880 0.187031
2 0.611044 0.266325 0.094964 0.163140
6 0.618249 0.225597 0.110589 0.245961
6 0.734072 0.340387 0.166262 0.244824
1 0.123635 0.237543 0.017294 0.044596
1 0.381296 0.236860 0.019569 0.045961
5 0.180143 0.502048 0.053550 0.053470
5 0.213441 0.283845 0.043689 0.086234
5 0.389942 0.516155 0.047785 0.032992
5 0.361044 0.594653 0.022148 0.068487
5 0.539669 0.775085 0.085407 0.112628
5 0.623407 0.688282 0.074484 0.074630
0 0.135088 0.321843 0.264411 0.496701
0 0.422861 0.343231 0.299302 0.492605
0 0.519569 0.368601 0.339806 0.524232