6 0.652651 0.720057 0.008181 0.004573
6 0.629418 0.724412 0.011453 0.009800
6 0.604385 0.690331 0.009817 0.010453
6 0.468586 0.613785 0.005236 0.005880
6 0.442245 0.722017 0.008181 0.006315
6 0.431119 0.709604 0.007526 0.006315
6 0.416394 0.709713 0.005563 0.006533
6 0.422284 0.722670 0.008181 0.008057
6 0.404614 0.734865 0.006217 0.007622
6 0.052847 0.703397 0.009490 0.008275
6 0.058246 0.733994 0.009162 0.009800
6 0.094077 0.730183 0.009490 0.009146
6 0.160995 0.457426 0.004581 0.005880
6 0.181610 0.473759 0.005236 0.005009
6 0.160340 0.424434 0.003272 0.003484
6 0.173429 0.429443 0.003272 0.004791
6 0.218259 0.435322 0.003927 0.004355
6 0.200262 0.443053 0.003927 0.005444
6 0.243783 0.495427 0.003927 0.005226
6 0.256872 0.724630 0.009162 0.013284
6 0.226113 0.790287 0.010471 0.013066
6 0.418685 0.663763 0.004254 0.005226
6 0.448953 0.761868 0.008508 0.006751
0 0.421630 0.731163 0.020615 0.027221
0 0.402160 0.745753 0.015707 0.031141
0 0.103076 0.746080 0.025524 0.040070
0 0.055301 0.714830 0.022251 0.031577
0 0.985111 0.648955 0.029777 0.052700
6 0.985766 0.629900 0.014071 0.014155
2 0.987402 0.632078 0.008835 0.008057
0 0.649051 0.742922 0.021924 0.052483
0 0.628599 0.739656 0.020942 0.042030
0 0.603894 0.710366 0.027160 0.052700
0 0.640707 0.447409 0.014398 0.021995
0 0.624182 0.447300 0.011453 0.023955
0 0.471531 0.623693 0.014398 0.027439
0 0.452552 0.773737 0.020288 0.032230
0 0.455988 0.766877 0.010798 0.025479
0 0.441918 0.735954 0.016034 0.036803
0 0.422611 0.677156 0.017997 0.030706
0 0.436191 0.471472 0.005236 0.016551
0 0.431283 0.472343 0.005890 0.015679
0 0.428338 0.471254 0.005890 0.016115
0 0.421957 0.472452 0.004908 0.014591
0 0.418194 0.471799 0.005236 0.014155
0 0.412467 0.470383 0.007526 0.014373
0 0.384326 0.467770 0.005563 0.007840
0 0.377454 0.468097 0.006872 0.013720
0 0.367310 0.466681 0.007526 0.013937
0 0.342768 0.460148 0.008835 0.017422
0 0.217277 0.442944 0.008508 0.020470
0 0.202225 0.452526 0.009817 0.023519
0 0.194863 0.442400 0.008181 0.018510
0 0.187009 0.445775 0.008835 0.020470
0 0.174247 0.436084 0.008181 0.019382
0 0.161158 0.430314 0.009490 0.016986
0 0.163613 0.462652 0.014398 0.017639
0 0.147251 0.470710 0.013089 0.039416
0 0.169175 0.483558 0.015707 0.026786
0 0.183901 0.480401 0.015052 0.018728
0 0.235111 0.808689 0.029777 0.054660
0 0.264071 0.744229 0.024215 0.055531
0 0.064300 0.749238 0.030432 0.040723
0 0.017997 0.689895 0.028141 0.044861