6 0.225531 0.363150 0.062718 0.144215
2 0.230440 0.376812 0.053215 0.115467
6 0.605322 0.403184 0.101045 0.178665
2 0.590672 0.434189 0.071112 0.113804
6 0.943617 0.288430 0.112765 0.268947
2 0.911783 0.334640 0.047197 0.173200
5 0.368388 0.602875 0.028825 0.063435
5 0.199715 0.404966 0.044346 0.093847
5 0.387789 0.508672 0.076813 0.114041
5 0.635730 0.466738 0.043712 0.072939
5 0.803849 0.887503 0.084099 0.068187
1 0.942825 0.282015 0.015204 0.068425
1 0.560500 0.397244 0.010770 0.022333
0 0.265283 0.645640 0.239785 0.708719
0 0.525103 0.653481 0.350491 0.693039
0 0.880424 0.541459 0.239151 0.789261