6 0.204193 0.441417 0.209669 0.211538
2 0.237847 0.493501 0.135951 0.109152
6 0.414263 0.286503 0.169872 0.173077
2 0.421608 0.331375 0.143429 0.083689
6 0.712206 0.403846 0.174947 0.171296
2 0.699653 0.442575 0.135951 0.091346
1 0.160524 0.450677 0.037927 0.041667
1 0.342147 0.301549 0.021902 0.031161
1 0.782318 0.420317 0.032051 0.039352
5 0.245593 0.555645 0.096421 0.108796
5 0.328259 0.827279 0.064637 0.054131
5 0.531384 0.664352 0.139690 0.065171
5 0.539530 0.613426 0.086538 0.060541
0 0.215278 0.668269 0.430556 0.663462
0 0.723024 0.539619 0.522970 0.442486
0 0.405849 0.501425 0.382746 0.604701