6 0.540230 0.496363 0.025862 0.046606
6 0.299210 0.508755 0.017601 0.049838
2 0.453664 0.484240 0.021911 0.029903
2 0.403915 0.499192 0.022629 0.033405
2 0.543552 0.495824 0.018139 0.033675
2 0.182741 0.496363 0.017421 0.040140
2 0.296516 0.515760 0.011494 0.030981
2 0.117547 0.494343 0.019576 0.028017
2 0.009159 0.471444 0.017960 0.031250
2 0.687410 0.528691 0.017780 0.026131
2 0.760237 0.532866 0.018678 0.028556
2 0.823635 0.512931 0.020474 0.029634
2 0.939116 0.513874 0.019756 0.029364
2 0.905083 0.515490 0.019935 0.031519
2 0.993265 0.504580 0.013470 0.030172
1 0.532328 0.504176 0.005388 0.009968
1 0.466864 0.478583 0.005208 0.011045
1 0.416128 0.494477 0.005747 0.011584
1 0.698904 0.515894 0.004490 0.016164
1 0.748294 0.529634 0.004490 0.009698
1 0.898168 0.510372 0.006825 0.013200
1 0.813578 0.515625 0.003233 0.010776
1 0.835848 0.513739 0.005029 0.011853
1 0.951149 0.511853 0.003951 0.012392
1 0.303700 0.513335 0.006466 0.012662
1 0.105065 0.492457 0.004310 0.012931
5 0.980963 0.523572 0.013649 0.028287
5 0.952856 0.557381 0.013470 0.024246
5 0.846444 0.551589 0.016882 0.033136
5 0.835489 0.562635 0.020833 0.032058
5 0.685614 0.576374 0.022091 0.028825
5 0.675467 0.583648 0.011853 0.022360
5 0.600844 0.469962 0.011315 0.027748
5 0.563039 0.486261 0.019397 0.036099
5 0.432741 0.549973 0.013829 0.031519
5 0.427712 0.505523 0.013111 0.037446
5 0.311692 0.616649 0.010237 0.017241
5 0.251078 0.667161 0.010776 0.014278
5 0.164960 0.564790 0.010596 0.013200
5 0.119792 0.520609 0.013290 0.033136
5 0.113596 0.517915 0.019576 0.029364
5 0.019935 0.527344 0.013649 0.019127
5 0.014547 0.545797 0.019397 0.017241
5 0.394397 0.558728 0.010417 0.027478
7 0.467134 0.568966 0.069684 0.120151
7 0.548222 0.584052 0.065194 0.123384
7 0.698994 0.603987 0.050287 0.132004
7 0.757543 0.608836 0.054598 0.120151
7 0.827227 0.595501 0.071480 0.122575
7 0.894576 0.591999 0.062141 0.134429
7 0.948725 0.590113 0.056573 0.123653
7 0.987428 0.582166 0.025144 0.100754
4 0.011494 0.446525 0.022629 0.047144
4 0.116649 0.478179 0.032148 0.037716
4 0.181214 0.474677 0.035920 0.028017
4 0.405172 0.480065 0.033405 0.024246
4 0.454921 0.462554 0.032687 0.023168
4 0.687680 0.501886 0.027658 0.036638
4 0.759070 0.511584 0.030352 0.031250
4 0.823545 0.491379 0.030352 0.032866
4 0.898078 0.492996 0.039332 0.032866
4 0.940553 0.491514 0.030172 0.030442
4 0.989943 0.484375 0.020115 0.028017
4 0.242457 0.691676 0.036997 0.041218
4 0.235632 0.539467 0.024784 0.061153
0 0.984914 0.606412 0.030172 0.272091
0 0.946570 0.605199 0.055855 0.262662
0 0.891433 0.623384 0.082076 0.294181
0 0.825162 0.619747 0.065912 0.291756
0 0.758082 0.634833 0.062141 0.280981
0 0.695492 0.627559 0.070941 0.280981
0 0.559177 0.618534 0.089619 0.318427
0 0.466864 0.611800 0.077766 0.329203
0 0.400503 0.608836 0.071480 0.310884
0 0.304777 0.623249 0.095187 0.277209
0 0.179867 0.601562 0.063398 0.294181
0 0.114494 0.599811 0.069145 0.297683
0 0.024335 0.595905 0.048312 0.318966