2 0.264803 0.433406 0.121711 0.114766
2 0.491557 0.482895 0.129167 0.085965
2 0.848684 0.396199 0.122368 0.097368
6 0.261513 0.404094 0.177851 0.172807
6 0.501864 0.452705 0.201096 0.144006
6 0.859320 0.369371 0.147588 0.150439
1 0.562829 0.448904 0.016447 0.033480
1 0.920285 0.380409 0.023026 0.035380
5 0.293092 0.715863 0.103728 0.032895
5 0.456140 0.749050 0.115789 0.047807
5 0.594189 0.740351 0.094956 0.040351
5 0.938925 0.738816 0.122149 0.032018
0 0.519737 0.576023 0.336404 0.397076
0 0.175439 0.521053 0.350439 0.426608
0 0.863706 0.525658 0.272588 0.473830