6 0.188727 0.415150 0.073961 0.049821
6 0.485208 0.429519 0.038001 0.033328
6 0.617955 0.426203 0.036215 0.030437
6 0.782836 0.439211 0.006886 0.006802
2 0.783346 0.439296 0.005356 0.006291
6 0.744325 0.454685 0.005356 0.005101
5 0.428972 0.544210 0.017343 0.026356
5 0.562739 0.538854 0.020658 0.021085
5 0.730171 0.426203 0.027544 0.018534
5 0.136190 0.583999 0.035705 0.036898
5 0.290615 0.561894 0.014027 0.033838
1 0.160673 0.427648 0.016322 0.018704
1 0.220352 0.423737 0.008161 0.020065
1 0.468120 0.432665 0.003315 0.008332
1 0.501913 0.432665 0.003060 0.009692
1 0.602525 0.427053 0.004336 0.007992
1 0.630579 0.431814 0.005866 0.006972
7 0.494262 0.490563 0.102015 0.093522
7 0.610686 0.476875 0.089518 0.079408
7 0.214869 0.513348 0.169090 0.157456
0 0.221245 0.607720 0.226218 0.440741
0 0.496429 0.538259 0.155828 0.267131
0 0.648814 0.515133 0.192808 0.215099
0 0.781943 0.452474 0.022443 0.036728