6 0.255250 0.336250 0.143833 0.228500
2 0.287000 0.362125 0.082667 0.177750
6 0.347917 0.266375 0.075167 0.146750
6 0.410417 0.241000 0.044833 0.095500
6 0.539250 0.250125 0.043500 0.085750
6 0.686500 0.277875 0.119000 0.228750
2 0.694667 0.308000 0.099333 0.167500
6 0.084750 0.175875 0.072167 0.154250
2 0.088167 0.199625 0.057000 0.107750
6 0.906833 0.190375 0.178333 0.350250
2 0.877667 0.243375 0.117333 0.246250
5 0.053750 0.425625 0.053500 0.080750
5 0.514417 0.300625 0.015500 0.063250
5 0.535667 0.316250 0.035667 0.061000
5 0.550417 0.688375 0.103833 0.116750
5 0.641333 0.567000 0.095000 0.153500
5 0.706167 0.686125 0.054667 0.091250
1 0.054917 0.181375 0.013833 0.033750
1 0.216833 0.360125 0.022667 0.060250
1 0.742000 0.290250 0.008667 0.026000
1 0.650750 0.341000 0.019833 0.028500
1 0.943917 0.209375 0.038167 0.089750
1 0.555917 0.259125 0.008833 0.019750
0 0.090083 0.550000 0.179833 0.900000
0 0.412833 0.312875 0.050000 0.239250
0 0.524417 0.522250 0.131500 0.635500
0 0.798333 0.506000 0.403333 0.988000
0 0.364500 0.608875 0.471333 0.782250
0 0.681250 0.579625 0.293500 0.840750
0 0.343417 0.482625 0.158833 0.581250