6 0.288808 0.320289 0.133576 0.124468
2 0.299179 0.345289 0.096877 0.074468
6 0.529633 0.378495 0.140643 0.134195
2 0.525872 0.423404 0.082972 0.044377
6 0.715523 0.361246 0.112605 0.104255
2 0.712446 0.375912 0.103716 0.075532
1 0.240711 0.333435 0.026442 0.031003
1 0.760998 0.356991 0.020287 0.027660
5 0.131981 0.592097 0.079325 0.057143
5 0.318783 0.585486 0.063597 0.041489
5 0.714839 0.614362 0.063369 0.031155
5 0.853431 0.621581 0.030089 0.031915
0 0.211762 0.434802 0.353773 0.370213
0 0.783223 0.472264 0.269432 0.331763
0 0.529747 0.427052 0.288580 0.253799