6 0.242584 0.534658 0.029942 0.023475
6 0.269199 0.557671 0.054339 0.039926
2 0.261713 0.564972 0.031051 0.024214
2 0.371500 0.540665 0.013307 0.014048
6 0.372886 0.537708 0.016634 0.020702
6 0.485306 0.520425 0.020238 0.014603
6 0.584281 0.541405 0.035764 0.022921
6 0.642085 0.523752 0.013862 0.014233
6 0.619906 0.516359 0.010535 0.012384
6 0.701553 0.553789 0.047408 0.039926
2 0.698087 0.556932 0.037704 0.035860
6 0.725672 0.521165 0.022456 0.016081
6 0.761852 0.501201 0.013307 0.014603
5 0.686166 0.575416 0.016634 0.029205
5 0.208761 0.612292 0.028833 0.011645
1 0.720821 0.556932 0.007763 0.012939
1 0.248267 0.538355 0.003604 0.007948
0 0.253951 0.578835 0.121431 0.080776
0 0.228167 0.544824 0.057666 0.044547
0 0.732742 0.574399 0.131411 0.084843
0 0.757416 0.502403 0.020516 0.018115
0 0.733019 0.533641 0.065428 0.041774
0 0.369143 0.542606 0.025229 0.036044