5 0.341964 0.581138 0.045833 0.098437
5 0.331622 0.539732 0.019494 0.070982
5 0.625967 0.745982 0.056101 0.058482
5 0.685342 0.757366 0.049256 0.044643
6 0.168824 0.515402 0.113244 0.175446
1 0.168452 0.539062 0.016369 0.044196
2 0.200744 0.532031 0.049405 0.142634
6 0.681994 0.450670 0.074702 0.140625
2 0.672173 0.459375 0.054762 0.121429
6 0.341815 0.445089 0.043155 0.085268
2 0.343304 0.458929 0.030952 0.057143
1 0.324107 0.441183 0.006845 0.022991
0 0.238839 0.622433 0.252083 0.391295
0 0.337277 0.601228 0.122768 0.396652
0 0.649405 0.584487 0.214881 0.403795