6 0.310377 0.159363 0.015566 0.028975
6 0.463561 0.160449 0.012500 0.024629
6 0.486203 0.138899 0.008255 0.018472
6 0.643042 0.279971 0.028066 0.057950
6 0.704009 0.300254 0.030660 0.062296
2 0.698113 0.314379 0.015094 0.034046
1 0.708137 0.305505 0.005425 0.014850
6 0.354717 0.334661 0.028774 0.068091
2 0.359316 0.351141 0.020047 0.033683
6 0.403892 0.304600 0.028538 0.059399
3 0.701297 0.475009 0.017689 0.042376
3 0.378420 0.493118 0.017217 0.037305
4 0.646108 0.273633 0.034670 0.047447
4 0.402241 0.292285 0.032311 0.034770
4 0.354245 0.316733 0.033019 0.041652
0 0.707901 0.467946 0.088443 0.403477
0 0.635613 0.459797 0.085377 0.425570
0 0.350590 0.485331 0.072406 0.387541
0 0.410731 0.475552 0.077123 0.395509
0 0.459434 0.227997 0.037736 0.170590
0 0.307075 0.227635 0.046226 0.167693