2 0.337375 0.455750 0.040750 0.050833
6 0.313500 0.441917 0.090000 0.081500
2 0.465500 0.434000 0.051500 0.043333
6 0.456625 0.429000 0.070250 0.052333
2 0.694625 0.457667 0.058250 0.043333
6 0.693500 0.449833 0.070000 0.060000
2 0.768625 0.455417 0.045750 0.051833
6 0.786375 0.448583 0.082750 0.065500
6 0.251500 0.439667 0.047500 0.044333
1 0.311375 0.447083 0.014750 0.018167
1 0.247750 0.451500 0.016500 0.014333
1 0.434750 0.437167 0.013500 0.014000
1 0.665375 0.457750 0.008250 0.016167
1 0.796875 0.457917 0.015750 0.017167
5 0.385875 0.562917 0.044250 0.034833
5 0.373500 0.552417 0.039000 0.020833
5 0.337500 0.531083 0.031500 0.033833
5 0.337625 0.507833 0.026750 0.022667
5 0.429250 0.475417 0.038000 0.032167
5 0.557500 0.535500 0.031000 0.018667
5 0.687625 0.558750 0.045250 0.028833
5 0.644125 0.535750 0.046250 0.024500
5 0.649875 0.491500 0.037750 0.035333
5 0.654625 0.492667 0.046750 0.039333
0 0.474500 0.558000 0.196000 0.309333
0 0.269125 0.485167 0.166250 0.134000
0 0.702875 0.573250 0.173250 0.312833
0 0.281125 0.588417 0.325750 0.375167