6 0.943625 0.435140 0.112750 0.283441
6 0.491279 0.158981 0.116526 0.233819
6 0.163280 0.656553 0.217946 0.350863
6 0.076515 0.479773 0.153030 0.268069
2 0.941198 0.469795 0.095307 0.209277
2 0.472037 0.201187 0.075886 0.142395
1 0.236468 0.755394 0.037044 0.096548
1 0.991548 0.441343 0.016903 0.068231
5 0.877990 0.582794 0.073908 0.118662
5 0.683690 0.821063 0.065816 0.089806
5 0.398310 0.724380 0.028412 0.043689
5 0.622100 0.734493 0.065276 0.115156
5 0.319367 0.781149 0.058623 0.054746
0 0.508452 0.406958 0.296170 0.768069
0 0.820626 0.642665 0.358748 0.705502