2 0.187357 0.219841 0.037286 0.075852
6 0.178786 0.210521 0.055286 0.095779
2 0.460000 0.398007 0.034857 0.063638
6 0.457071 0.388472 0.041571 0.080566
2 0.570286 0.385258 0.030000 0.058282
6 0.575500 0.374973 0.045286 0.078852
2 0.706214 0.418149 0.033571 0.076066
6 0.720429 0.412363 0.063714 0.087208
1 0.441643 0.402186 0.009286 0.017142
1 0.586500 0.393400 0.007571 0.014999
1 0.727929 0.418149 0.011000 0.022498
5 0.188214 0.368331 0.034143 0.031283
5 0.200286 0.353760 0.029143 0.041140
5 0.481143 0.511249 0.013714 0.030855
5 0.560714 0.507285 0.022286 0.034069
5 0.622857 0.508464 0.032857 0.029141
5 0.635500 0.548211 0.027000 0.031926
0 0.575357 0.537926 0.108714 0.404328
0 0.191571 0.494215 0.184286 0.661453
0 0.478500 0.567924 0.135857 0.446754
0 0.640500 0.594279 0.242714 0.450611
2 0.243214 0.401650 0.027571 0.117634
5 0.248357 0.372402 0.002714 0.007714
5 0.245714 0.365760 0.002286 0.009856
6 0.241000 0.353760 0.012000 0.019284
2 0.244357 0.354832 0.005000 0.015427
1 0.240929 0.354939 0.001857 0.004500