6 0.209000 0.353285 0.044400 0.093309
6 0.303800 0.372787 0.043600 0.083708
6 0.130900 0.394389 0.047000 0.088509
2 0.211500 0.379388 0.036200 0.041104
2 0.299600 0.387789 0.035200 0.054305
2 0.138100 0.409841 0.032600 0.058806
1 0.120500 0.407141 0.010200 0.019202
1 0.318800 0.381188 0.007200 0.018902
3 0.111200 0.651215 0.027200 0.042904
3 0.177600 0.550405 0.018400 0.050705
3 0.219400 0.527903 0.034800 0.033903
3 0.245600 0.498050 0.034000 0.043804
3 0.306900 0.520552 0.025000 0.043204
3 0.331400 0.525353 0.034000 0.032403
0 0.354100 0.531653 0.140200 0.405641
0 0.136300 0.599310 0.139400 0.502550
0 0.237600 0.511251 0.130800 0.412841