5 0.534681 0.847098 0.166228 0.081952
5 0.573308 0.826929 0.157379 0.070631
5 0.748027 0.664541 0.110739 0.041773
5 0.966396 0.553571 0.067209 0.054847
5 0.779718 0.569436 0.049749 0.042889
6 0.254245 0.465641 0.216216 0.234216
2 0.271227 0.499522 0.181775 0.169005
1 0.169457 0.489318 0.020330 0.048469
6 0.574504 0.409837 0.143506 0.148119
2 0.586223 0.438855 0.117197 0.088170
6 0.867855 0.427535 0.122220 0.133769
2 0.873236 0.442363 0.102368 0.099330
0 0.845013 0.480628 0.309974 0.241550
0 0.327434 0.648039 0.654867 0.677774
0 0.601292 0.542251 0.429562 0.429528