6 0.671500 0.220372 0.125400 0.204320
6 0.563200 0.340984 0.118000 0.220522
6 0.283100 0.197120 0.142200 0.283228
2 0.689600 0.239574 0.078400 0.161716
2 0.572300 0.382238 0.077000 0.133813
2 0.312800 0.243774 0.079600 0.193519
1 0.267800 0.216472 0.024000 0.068107
5 0.516900 0.704320 0.094200 0.102910
5 0.518100 0.808281 0.057800 0.120012
5 0.685700 0.837084 0.089800 0.063606
5 0.680200 0.674167 0.051600 0.054605
5 0.644500 0.711071 0.049000 0.055806
0 0.702500 0.477498 0.215000 0.722172
0 0.500100 0.539604 0.453400 0.644164
0 0.307900 0.526103 0.523400 0.947795