6 0.087891 0.201563 0.175028 0.211803
2 0.139381 0.235381 0.072803 0.141471
6 0.457563 0.390057 0.173519 0.189976
2 0.466805 0.439100 0.147492 0.092967
6 0.581101 0.172460 0.120332 0.134735
2 0.582799 0.190245 0.095058 0.095392
6 0.073746 0.569523 0.146737 0.245486
6 0.932478 0.397602 0.135043 0.158717
2 0.927575 0.422393 0.122972 0.108596
5 0.442097 0.954325 0.138816 0.091350
5 0.321577 0.854891 0.158054 0.110752
5 0.531498 0.628267 0.091286 0.067098
5 0.575820 0.686068 0.135421 0.059283
5 0.655790 0.607653 0.076575 0.057127
5 0.727273 0.594853 0.091286 0.044462
5 0.168238 0.677984 0.094304 0.049043
5 0.566767 0.424683 0.066013 0.041498
5 0.728216 0.393290 0.081856 0.054702
1 0.090909 0.229857 0.027160 0.054972
1 0.394002 0.402317 0.025273 0.046888
1 0.047906 0.660199 0.046020 0.061439
1 0.992267 0.430612 0.015466 0.027486
1 0.533949 0.196982 0.008676 0.018324
0 0.604489 0.332660 0.328555 0.454594
0 0.255941 0.729857 0.511128 0.540286
0 0.107884 0.396120 0.215013 0.610617
0 0.397774 0.506333 0.491513 0.418755
0 0.809129 0.478442 0.381743 0.317165