6 0.547823 0.448219 0.150964 0.242738
6 0.743041 0.450366 0.208423 0.349583
6 0.927284 0.094216 0.145075 0.187926
2 0.539436 0.471331 0.094575 0.184895
2 0.689418 0.474741 0.105817 0.250316
2 0.902480 0.092321 0.097966 0.177570
1 0.744379 0.470700 0.031585 0.079060
1 0.597341 0.460091 0.019094 0.052286
5 0.391685 0.851225 0.077802 0.063147
5 0.495004 0.836196 0.134190 0.076534
5 0.456817 0.922581 0.137759 0.094721
0 0.669879 0.636019 0.557816 0.727962
0 0.524982 0.607350 0.349393 0.558474
0 0.914168 0.334302 0.171663 0.668098