6 0.063500 0.544500 0.126500 0.128667
6 0.254750 0.505500 0.085500 0.079667
2 0.258750 0.523500 0.064000 0.043667
6 0.672500 0.417667 0.133000 0.093333
2 0.702000 0.427583 0.074500 0.071167
6 0.864875 0.533083 0.072750 0.066500
2 0.854875 0.539000 0.052250 0.052667
5 0.192750 0.681167 0.054000 0.031000
5 0.265500 0.690667 0.066000 0.047000
5 0.660125 0.750167 0.060250 0.041000
5 0.717875 0.470333 0.057250 0.055000
1 0.084250 0.571833 0.018500 0.030667
1 0.220375 0.510083 0.013750 0.020833
1 0.658500 0.426083 0.024500 0.024500
1 0.886500 0.532083 0.010500 0.021167
0 0.748500 0.685000 0.342000 0.630000
0 0.220750 0.561250 0.179000 0.191500
0 0.854500 0.608000 0.158500 0.226000
0 0.174250 0.740167 0.348000 0.519667