2 0.194832 0.391186 0.052163 0.052244
2 0.605409 0.434054 0.064663 0.058173
2 0.818510 0.556811 0.063942 0.059455
6 0.615986 0.436538 0.093510 0.082372
6 0.816346 0.545994 0.123558 0.088462
6 0.166827 0.391266 0.107212 0.097276
1 0.643750 0.440625 0.017308 0.032532
1 0.162740 0.388221 0.015385 0.026763
5 0.471154 0.538702 0.045192 0.039904
5 0.592909 0.568990 0.078606 0.037660
5 0.319471 0.522756 0.055288 0.024038
0 0.208293 0.496474 0.271875 0.298718
0 0.576923 0.552003 0.260577 0.313301
0 0.820072 0.594952 0.177163 0.176763