2 0.375580 0.458527 0.030267 0.057702
2 0.302408 0.488279 0.010490 0.052293
2 0.537489 0.344539 0.017025 0.037352
2 0.649269 0.484802 0.023904 0.053065
6 0.282115 0.473596 0.052107 0.079083
6 0.371453 0.443715 0.041960 0.088357
6 0.546518 0.319809 0.050559 0.083720
6 0.663199 0.465997 0.055202 0.093766
1 0.539123 0.324833 0.007223 0.021638
5 0.475236 0.475528 0.018057 0.028336
5 0.414187 0.585265 0.019089 0.019578
5 0.297420 0.583849 0.030439 0.022926
5 0.328805 0.598403 0.012382 0.027306
5 0.595873 0.597630 0.020980 0.031427
5 0.670593 0.506054 0.033190 0.063627
0 0.665606 0.635111 0.157008 0.443843
0 0.546088 0.519578 0.159415 0.489954
0 0.290800 0.650180 0.172657 0.430191
0 0.391660 0.625064 0.139811 0.444359