2 0.618417 0.364875 0.122167 0.246250
6 0.623500 0.329875 0.171667 0.316750
2 0.291750 0.660625 0.076500 0.115250
6 0.302750 0.626750 0.098500 0.181500
2 0.207250 0.595125 0.049500 0.100250
6 0.213917 0.572000 0.079167 0.145500
0 0.321083 0.741500 0.218833 0.422000
0 0.184750 0.657875 0.148167 0.313750
0 0.617000 0.577625 0.385000 0.844750
1 0.554917 0.346750 0.013833 0.063500
5 0.502500 0.764875 0.085000 0.111250
5 0.285333 0.907125 0.051333 0.083750
5 0.154917 0.781625 0.063167 0.058750
5 0.140750 0.753125 0.033833 0.028250