6 0.681017 0.410234 0.061170 0.104831
6 0.791971 0.421688 0.053690 0.096365
6 0.152593 0.412351 0.056516 0.066733
6 0.060173 0.398780 0.044215 0.064990
2 0.785987 0.438745 0.035073 0.061255
2 0.691406 0.421937 0.037400 0.080926
2 0.140625 0.414965 0.029920 0.054034
2 0.073803 0.404880 0.016622 0.050797
1 0.668135 0.430403 0.011469 0.022659
1 0.160489 0.425174 0.009142 0.018675
1 0.063996 0.409612 0.005652 0.018426
5 0.709691 0.590513 0.030751 0.039592
5 0.758228 0.608690 0.037733 0.028635
5 0.080452 0.537351 0.039561 0.046315
0 0.766539 0.603710 0.135140 0.477341
0 0.137384 0.537475 0.134807 0.339890
0 0.675864 0.595493 0.157912 0.489791
0 0.068567 0.541086 0.054688 0.359562