6 0.535995 0.297467 0.098400 0.196153
6 0.755587 0.305085 0.107161 0.201485
2 0.527298 0.332508 0.071610 0.114645
2 0.736160 0.347267 0.066785 0.107218
1 0.567991 0.324986 0.013586 0.035993
1 0.777044 0.323177 0.019299 0.047991
5 0.569388 0.625881 0.055739 0.069130
5 0.463878 0.598077 0.049898 0.066083
3 0.673946 0.393639 0.045201 0.107789
3 0.636110 0.594363 0.043423 0.066654
0 0.543233 0.591887 0.270569 0.797181
0 0.733939 0.601981 0.245175 0.783470
7 0.536313 0.594363 0.197816 0.390783
4 0.744667 0.259950 0.136618 0.128357
4 0.536313 0.256903 0.111478 0.107789