2 0.319790 0.423200 0.082459 0.074000
6 0.321739 0.417500 0.108546 0.089000
2 0.508696 0.257900 0.090255 0.087000
6 0.511244 0.253900 0.120540 0.100600
2 0.647076 0.466100 0.082759 0.066600
6 0.645427 0.456600 0.110645 0.088400
1 0.275562 0.429900 0.016192 0.023400
1 0.367016 0.429200 0.017991 0.024400
1 0.601349 0.472200 0.022489 0.024000
1 0.693703 0.467200 0.012894 0.024400
1 0.562219 0.266600 0.019190 0.028400
1 0.458021 0.261400 0.012894 0.030400
5 0.255472 0.515800 0.059970 0.085600
5 0.368216 0.538400 0.071964 0.040400
5 0.343628 0.673100 0.067766 0.052200
5 0.536882 0.716500 0.037481 0.037000
5 0.752624 0.712400 0.038981 0.036800
5 0.690255 0.555900 0.076762 0.089000
0 0.648876 0.672900 0.261469 0.525400
0 0.317691 0.653200 0.224588 0.564400
0 0.477061 0.565700 0.503148 0.721400