6 0.029484 0.653502 0.005978 0.010586
6 0.052106 0.653502 0.004755 0.006922
6 0.002989 0.662357 0.005978 0.007125
6 0.031590 0.668058 0.004755 0.005090
6 0.057948 0.665309 0.005299 0.006922
6 0.094361 0.678237 0.006386 0.007125
6 0.063995 0.657675 0.005978 0.005904
6 0.121060 0.649532 0.006250 0.008347
6 0.134715 0.649430 0.006114 0.010179
6 0.112024 0.666429 0.004484 0.008754
6 0.147351 0.649837 0.005299 0.010179
6 0.158356 0.656555 0.004484 0.008143
6 0.715625 0.617060 0.002446 0.004072
6 0.719973 0.619707 0.003261 0.003664
6 0.726902 0.615432 0.002717 0.004479
6 0.725136 0.615533 0.001902 0.003461
6 0.750068 0.610546 0.002853 0.004072
6 0.743139 0.613701 0.002582 0.004682
6 0.807677 0.614007 0.003125 0.003664
6 0.718750 0.548046 0.002174 0.003664
6 0.729008 0.546010 0.002310 0.004886
6 0.736889 0.539699 0.002310 0.004886
6 0.742255 0.537663 0.002717 0.003664
6 0.754348 0.545908 0.002717 0.003868
6 0.761005 0.543058 0.002446 0.003868
6 0.748166 0.542956 0.002310 0.003664
0 0.131250 0.668160 0.013587 0.046824
0 0.118139 0.673046 0.019701 0.056189
0 0.146943 0.669890 0.017527 0.046213
0 0.161345 0.666327 0.011277 0.031352
0 0.098981 0.682207 0.014538 0.015065
0 0.109307 0.680069 0.009375 0.032777
0 0.061005 0.668872 0.009239 0.015676
0 0.066576 0.665920 0.011141 0.022801
0 0.050408 0.665309 0.016576 0.030130
0 0.026359 0.669381 0.013315 0.039495
0 0.035802 0.673758 0.012908 0.020562
0 0.006793 0.672333 0.013587 0.025041
0 0.751223 0.620114 0.005978 0.022394
0 0.743682 0.620216 0.004212 0.017305
0 0.784783 0.595989 0.007337 0.021376
0 0.783424 0.582044 0.005435 0.014251
0 0.778804 0.548962 0.004620 0.013640
0 0.772690 0.549267 0.004891 0.015472
0 0.762296 0.549064 0.005027 0.015472
0 0.754008 0.550489 0.002853 0.014251
0 0.748709 0.548758 0.005299 0.016083
0 0.742799 0.546926 0.005707 0.022598
0 0.737024 0.547638 0.008016 0.021173
0 0.729008 0.551914 0.005027 0.017101
0 0.715761 0.624389 0.004620 0.021173
0 0.720856 0.626425 0.005842 0.021580
0 0.727106 0.624186 0.005299 0.023208
0 0.615625 0.629173 0.005163 0.016083