5 0.085250 0.747250 0.034167 0.134500
5 0.135917 0.766125 0.071167 0.079750
5 0.250083 0.553250 0.091833 0.077000
5 0.295500 0.365750 0.069667 0.091000
5 0.363917 0.740375 0.035833 0.069750
5 0.446917 0.722625 0.066500 0.072250
5 0.524750 0.280000 0.047833 0.147500
5 0.668583 0.305375 0.100833 0.151750
5 0.672500 0.437250 0.123333 0.057000
5 0.700583 0.444500 0.076167 0.104000
6 0.068083 0.155000 0.135833 0.309500
6 0.227250 0.163875 0.111167 0.237750
1 0.183583 0.175375 0.020167 0.051750
2 0.235083 0.210375 0.093833 0.145750
6 0.423917 0.422375 0.086833 0.164250
2 0.422083 0.433125 0.069833 0.138750
1 0.460750 0.453500 0.012833 0.045500
6 0.614750 0.238000 0.106500 0.214500
2 0.600833 0.275625 0.079000 0.135250
6 0.854500 0.124125 0.118333 0.219750
2 0.828250 0.144125 0.068167 0.182250
0 0.639417 0.564375 0.277167 0.871250
0 0.148333 0.408625 0.296333 0.815250
0 0.805583 0.504875 0.388833 0.990250
0 0.187333 0.425125 0.288333 0.766250
0 0.411417 0.557125 0.265500 0.436250