6 0.466003 0.253891 0.051392 0.108588
2 0.470093 0.266526 0.044678 0.084051
6 0.556946 0.239517 0.053345 0.117195
2 0.554626 0.258286 0.044312 0.079290
1 0.579956 0.241989 0.006104 0.024721
1 0.443726 0.252793 0.008057 0.029482
5 0.515320 0.353415 0.029663 0.039187
5 0.517212 0.404230 0.021973 0.043032
5 0.567810 0.392236 0.048462 0.045413
5 0.470886 0.480498 0.023315 0.043948
0 0.573975 0.525728 0.165283 0.688885
0 0.421265 0.538363 0.218262 0.677165
3 0.459656 0.563450 0.015259 0.073247
3 0.445374 0.559604 0.030151 0.077641