6 0.272645 0.614817 0.115359 0.203298
6 0.345176 0.582205 0.067772 0.135614
6 0.802429 0.630692 0.108631 0.166133
2 0.292583 0.659611 0.064654 0.100418
2 0.353298 0.593035 0.044634 0.100665
2 0.774696 0.652350 0.052839 0.127246
1 0.272563 0.663303 0.017066 0.030519
5 0.295947 0.723234 0.063505 0.085405
5 0.385871 0.751292 0.044798 0.049963
5 0.267640 0.892444 0.071218 0.061039
5 0.715950 0.830298 0.059403 0.072606
5 0.763456 0.914964 0.085822 0.078513
0 0.794798 0.780458 0.209222 0.439084
0 0.217427 0.752154 0.213653 0.486340
0 0.355596 0.644228 0.096817 0.263598