2 0.402606 0.171114 0.121015 0.093081
6 0.390156 0.146215 0.146381 0.144741
2 0.868397 0.487357 0.098441 0.106888
6 0.909006 0.468663 0.181987 0.143655
6 0.283337 0.682982 0.163603 0.119299
1 0.934140 0.520866 0.034908 0.027769
1 0.345474 0.714939 0.013731 0.029010
5 0.387131 0.402032 0.108215 0.054763
5 0.546777 0.427164 0.075169 0.047006
5 0.718990 0.720214 0.092390 0.046385
5 0.637654 0.691049 0.067489 0.046696
5 0.550035 0.786845 0.069583 0.074465
5 0.365371 0.734099 0.086107 0.064226
0 0.371887 0.366274 0.424482 0.583307
0 0.324645 0.811976 0.520363 0.376047
0 0.800908 0.599907 0.398185 0.405213