6 0.541513 0.426266 0.035233 0.055147
6 0.496936 0.419935 0.007966 0.015523
6 0.448070 0.475490 0.014400 0.021242
6 0.430300 0.470180 0.013787 0.022876
6 0.467678 0.434232 0.010110 0.013889
6 0.463542 0.343342 0.006127 0.008578
6 0.322610 0.326389 0.006740 0.012255
6 0.343750 0.346201 0.006127 0.011846
6 0.356464 0.328431 0.005821 0.009804
6 0.350490 0.395016 0.007353 0.010621
6 0.995558 0.343750 0.008885 0.018382
1 0.429075 0.473652 0.003370 0.006127
6 0.623009 0.479371 0.008885 0.011846
6 0.602328 0.481209 0.006740 0.010621
7 0.551777 0.523489 0.074142 0.126225
7 0.459559 0.516136 0.033701 0.064951
7 0.428309 0.505923 0.024510 0.056781
7 0.322610 0.343750 0.011029 0.025735
7 0.990349 0.375613 0.019301 0.044526
0 0.555607 0.556577 0.081189 0.314134
0 0.458793 0.524510 0.037684 0.125000
0 0.427390 0.517157 0.028186 0.120915
0 0.499387 0.443219 0.018995 0.062092
0 0.475031 0.450980 0.026042 0.050654
0 0.353094 0.421160 0.019914 0.063725
0 0.342525 0.360703 0.019608 0.040850
0 0.356005 0.352124 0.018382 0.056373
0 0.322304 0.348652 0.016544 0.059232
0 0.467525 0.357843 0.015319 0.039216
0 0.987286 0.386642 0.025429 0.107435