6 0.403625 0.423583 0.044250 0.044833
6 0.283125 0.502083 0.052750 0.037167
6 0.625375 0.564583 0.057250 0.039833
2 0.408125 0.431667 0.035750 0.029000
2 0.294125 0.507167 0.030250 0.026000
2 0.602875 0.562167 0.011750 0.024000
1 0.274375 0.517417 0.010750 0.006167
1 0.387250 0.426583 0.007500 0.010833
5 0.556250 0.604083 0.025500 0.031500
5 0.574250 0.580833 0.029500 0.014667
3 0.301125 0.608250 0.024750 0.024833
3 0.417250 0.489583 0.041000 0.022167
3 0.447625 0.486083 0.019750 0.027833
0 0.413750 0.489917 0.143000 0.177833
0 0.259625 0.575667 0.127250 0.184000
0 0.608625 0.626333 0.130750 0.185000