6 0.320375 0.544083 0.037750 0.031833
6 0.479750 0.554750 0.016500 0.015833
6 0.709750 0.546083 0.032500 0.024833
2 0.479750 0.556000 0.013000 0.012667
1 0.337000 0.548833 0.003500 0.008667
1 0.304500 0.548000 0.004000 0.008000
5 0.670125 0.583917 0.012750 0.016167
3 0.354000 0.635417 0.023000 0.020167
3 0.269125 0.634333 0.020750 0.023667
3 0.457125 0.585750 0.008750 0.010833
3 0.511125 0.582583 0.007750 0.012500
0 0.482000 0.591833 0.066500 0.092000
0 0.698625 0.626000 0.070250 0.192333
0 0.309375 0.642417 0.111250 0.230167