2 0.564665 0.339522 0.134415 0.096868
6 0.561153 0.297950 0.173408 0.185502
2 0.243521 0.139974 0.134415 0.103649
6 0.235771 0.107604 0.170744 0.171618
2 0.755752 0.215289 0.157665 0.116403
6 0.757932 0.185906 0.168322 0.175492
1 0.166384 0.116242 0.030031 0.040685
1 0.312909 0.097837 0.016469 0.038424
1 0.829862 0.192606 0.022524 0.040362
5 0.177525 0.575880 0.097360 0.084921
5 0.640833 0.609541 0.138048 0.057959
0 0.837128 0.547707 0.325745 0.904585
0 0.265924 0.310220 0.470816 0.620116
0 0.377573 0.598079 0.489223 0.793833