2 0.509986 0.194157 0.103549 0.156153
6 0.509599 0.161194 0.123715 0.226732
6 0.835757 0.668175 0.184991 0.291365
6 0.813651 0.528051 0.169866 0.184333
6 0.124976 0.599535 0.135156 0.219235
2 0.121001 0.627973 0.124879 0.150982
5 0.355924 0.777017 0.105682 0.091262
5 0.068838 0.851603 0.095792 0.088418
5 0.678883 0.800026 0.056622 0.129524
5 0.728815 0.786324 0.071165 0.108325
1 0.563215 0.155119 0.013380 0.056360
1 0.460151 0.183557 0.018228 0.050155
1 0.087551 0.571096 0.029668 0.041882
0 0.098119 0.691184 0.196238 0.418046
0 0.504654 0.449716 0.405468 0.809462
0 0.864650 0.760471 0.270700 0.479059
0 0.846907 0.714969 0.306186 0.570062