2 0.338645 0.454600 0.097214 0.151533
6 0.311185 0.401834 0.152536 0.255863
2 0.483464 0.317048 0.097013 0.155442
6 0.483163 0.253909 0.114853 0.273903
2 0.652034 0.422129 0.107837 0.192423
6 0.657947 0.377781 0.124073 0.279916
1 0.431349 0.262928 0.011225 0.068851
1 0.535278 0.273602 0.012227 0.063139
1 0.709561 0.388304 0.018441 0.058028
5 0.489978 0.743836 0.076769 0.104630
5 0.716877 0.689567 0.126478 0.112748
5 0.798156 0.962267 0.087392 0.075466
5 0.504109 0.922129 0.078172 0.062538
0 0.773301 0.619363 0.421327 0.761275
0 0.494989 0.472790 0.257968 0.710463
0 0.344859 0.634847 0.399880 0.730307