6 0.694592 0.170690 0.094157 0.205698
6 0.409464 0.207871 0.073073 0.111057
6 0.322710 0.241429 0.102044 0.174312
2 0.421857 0.222477 0.041848 0.081362
2 0.326090 0.283076 0.074682 0.088122
2 0.691856 0.189160 0.076775 0.163448
1 0.309834 0.224408 0.022211 0.035007
1 0.731933 0.192540 0.013037 0.041767
1 0.650974 0.179623 0.007243 0.041526
5 0.657090 0.677571 0.090616 0.115162
5 0.496700 0.648720 0.073394 0.138098
5 0.370272 0.311082 0.044906 0.085707
5 0.270159 0.608643 0.052310 0.100435
5 0.431434 0.516055 0.044584 0.043216
0 0.632303 0.521729 0.415097 0.898600
0 0.453887 0.368180 0.173185 0.426364
0 0.358522 0.571342 0.459198 0.835587