2 0.527218 0.466324 0.107040 0.098936
6 0.526171 0.453847 0.132164 0.123888
2 0.228343 0.322370 0.101806 0.097889
6 0.231091 0.311028 0.133996 0.123364
2 0.733970 0.291223 0.091861 0.077473
6 0.748364 0.281539 0.121696 0.096842
0 0.825046 0.613418 0.317456 0.773163
0 0.171683 0.617868 0.295211 0.710173
0 0.513478 0.694207 0.626014 0.611586
1 0.176786 0.309719 0.023816 0.028267
1 0.582177 0.465189 0.015441 0.025475
5 0.242345 0.521200 0.072756 0.043273
5 0.257786 0.617955 0.106255 0.077997
5 0.171421 0.471384 0.042397 0.024254
5 0.779246 0.535247 0.094478 0.102774
5 0.823083 0.435962 0.099450 0.049381