2 0.276000 0.484125 0.144333 0.290250
6 0.266083 0.447000 0.169167 0.365000
2 0.555167 0.220375 0.106333 0.219750
6 0.559833 0.188125 0.142000 0.288250
2 0.839500 0.465625 0.133333 0.251250
6 0.871667 0.451000 0.204000 0.282000
5 0.198833 0.849625 0.123667 0.099250
5 0.581000 0.390125 0.064667 0.146250
1 0.916917 0.513500 0.043833 0.068500
1 0.618167 0.210500 0.020333 0.073000
1 0.194083 0.447750 0.022167 0.089500
0 0.277417 0.629375 0.441833 0.741250
0 0.518917 0.508500 0.361500 0.983000
0 0.809667 0.628125 0.380667 0.743750