6 0.141989 0.862500 0.014137 0.022959
6 0.201885 0.787245 0.009425 0.019388
6 0.672247 0.293878 0.010169 0.021429
6 0.491195 0.364286 0.007688 0.019388
6 0.288566 0.294133 0.006200 0.014796
6 0.042535 0.218112 0.006696 0.013776
6 0.212426 0.579082 0.011161 0.021429
6 0.269717 0.575255 0.012153 0.018878
6 0.205481 0.654847 0.012153 0.021939
6 0.845858 0.096939 0.008185 0.013265
6 0.863467 0.132653 0.007688 0.016327
6 0.756324 0.077806 0.005704 0.014796
6 0.893849 0.326276 0.007440 0.014796
5 0.130208 0.858163 0.004960 0.009184
5 0.209945 0.797194 0.004712 0.007653
5 0.231275 0.584949 0.008681 0.012755
5 0.206845 0.696939 0.006448 0.009184
5 0.268849 0.612500 0.005952 0.008673
5 0.503844 0.384184 0.003720 0.007143
5 0.048115 0.243367 0.003472 0.007143
5 0.665799 0.324235 0.004712 0.011735
5 0.860739 0.169133 0.004216 0.007653
5 0.761161 0.100255 0.003472 0.006633
5 0.876736 0.367347 0.003968 0.009184
2 0.863095 0.136224 0.004960 0.010204
6 0.340402 0.596939 0.008681 0.014286
0 0.047619 0.239796 0.018353 0.058163
0 0.289807 0.295153 0.014137 0.054592
0 0.134053 0.891327 0.030010 0.082653
0 0.202133 0.823214 0.028274 0.097449
0 0.214162 0.684184 0.031498 0.086735
0 0.274678 0.598469 0.023065 0.063265
0 0.218130 0.603827 0.036954 0.075000
0 0.334573 0.599235 0.021825 0.047449
0 0.495908 0.405867 0.023562 0.102551
0 0.671999 0.308163 0.018601 0.054082
0 0.885293 0.370153 0.033482 0.102551
0 0.864707 0.149235 0.013641 0.048469
0 0.839782 0.134184 0.022321 0.087755
0 0.754712 0.090051 0.014881 0.041327