6 0.406524 0.102613 0.227522 0.205227
2 0.401864 0.094755 0.195724 0.189510
1 0.455044 0.037463 0.064145 0.074927
3 0.143777 0.769280 0.287555 0.146382
5 0.751371 0.809302 0.053180 0.018823
5 0.710663 0.815698 0.038651 0.023209
3 0.652961 0.817800 0.099781 0.027412
3 0.239446 0.435947 0.151042 0.057931
1 0.599232 0.598958 0.011513 0.014072
1 0.762747 0.616319 0.018914 0.019189
6 0.794819 0.617599 0.089090 0.090461
6 0.631579 0.595395 0.121711 0.108553
2 0.794134 0.638432 0.081140 0.045870
2 0.619106 0.621162 0.080318 0.046784
0 0.496299 0.493787 0.992599 0.987573
0 0.477385 0.707602 0.453673 0.321272
0 0.656798 0.673246 0.360197 0.194079