6 0.228023 0.431669 0.011108 0.011212
2 0.227864 0.432410 0.008886 0.007616
6 0.152491 0.399513 0.017455 0.015443
2 0.151222 0.400889 0.014281 0.011424
6 0.257061 0.449016 0.006982 0.009097
2 0.257220 0.449651 0.004126 0.007404
6 0.277055 0.451238 0.005712 0.010578
2 0.277531 0.452190 0.004126 0.006558
6 0.198350 0.452930 0.007617 0.007193
2 0.197556 0.452930 0.005395 0.005077
0 0.230086 0.443199 0.031101 0.034694
0 0.155665 0.425640 0.029514 0.070235
0 0.259124 0.454517 0.016820 0.016289
0 0.279911 0.453882 0.012694 0.017982
0 0.522215 0.454728 0.024437 0.048868
0 0.474611 0.442987 0.036496 0.063042
6 0.484925 0.417178 0.013964 0.013116
2 0.486195 0.418976 0.009521 0.007827
6 0.522215 0.436006 0.011108 0.011424
2 0.523643 0.436535 0.006982 0.006135
5 0.514916 0.451766 0.005395 0.006981
5 0.473977 0.440660 0.011108 0.008039