2 0.404500 0.272864 0.087400 0.151724
6 0.403500 0.260120 0.108200 0.183208
2 0.669300 0.337331 0.084600 0.148726
6 0.668100 0.335532 0.109000 0.149925
1 0.626900 0.389505 0.024200 0.041979
1 0.716200 0.364918 0.012400 0.044378
1 0.448200 0.286657 0.016800 0.047976
1 0.358800 0.283508 0.019200 0.050675
5 0.293500 0.880510 0.043400 0.101649
5 0.501600 0.882159 0.052400 0.098351
5 0.544000 0.916642 0.030800 0.099550
5 0.867400 0.860720 0.078800 0.072864
0 0.717000 0.621139 0.378400 0.745727
0 0.400800 0.581409 0.259200 0.825187