6 0.310842 0.247628 0.100158 0.217449
2 0.311545 0.293226 0.081884 0.125198
6 0.504305 0.302583 0.105430 0.204006
2 0.491741 0.343701 0.080302 0.118081
6 0.695660 0.258434 0.146899 0.248550
2 0.686786 0.315762 0.090845 0.133896
1 0.531717 0.314048 0.014057 0.045598
1 0.267088 0.256589 0.013706 0.042435
1 0.723247 0.267001 0.020032 0.047970
5 0.336496 0.774644 0.067475 0.129678
5 0.321385 0.784660 0.046389 0.074855
5 0.399842 0.792172 0.065191 0.094623
5 0.555526 0.801661 0.042699 0.064576
5 0.705236 0.777939 0.059216 0.096205
5 0.744685 0.831313 0.085749 0.089615
0 0.277280 0.484976 0.214725 0.705851
0 0.783957 0.566816 0.321736 0.866368
0 0.492005 0.506985 0.251274 0.664470