2 0.374875 0.475000 0.024250 0.014400
6 0.376250 0.464800 0.035000 0.038400
2 0.658500 0.533000 0.025000 0.024400
6 0.662875 0.524500 0.037750 0.042200
2 0.498375 0.657500 0.019250 0.026200
6 0.507875 0.652200 0.039250 0.037600
5 0.373250 0.548200 0.020000 0.022800
5 0.387625 0.548100 0.018750 0.019800
5 0.476500 0.684700 0.016000 0.014200
5 0.624000 0.596700 0.021500 0.018200
5 0.623500 0.594400 0.010500 0.022400
1 0.673250 0.529300 0.006500 0.010200
1 0.504875 0.664900 0.006750 0.010200
1 0.387125 0.470700 0.005250 0.007800
0 0.381625 0.540300 0.099750 0.195400
0 0.493250 0.704400 0.140000 0.143200
0 0.634250 0.578700 0.144000 0.153000