2 0.448460 0.300206 0.040256 0.080284
6 0.444114 0.293115 0.049253 0.093092
2 0.525923 0.336002 0.039341 0.077310
6 0.534462 0.324565 0.056725 0.098353
2 0.816712 0.336459 0.057640 0.095608
6 0.835011 0.304437 0.098201 0.161482
2 0.277829 0.321706 0.043916 0.122370
6 0.256633 0.313129 0.085087 0.139524
1 0.246340 0.321020 0.016621 0.033623
1 0.850107 0.314616 0.017078 0.041857
1 0.426959 0.298376 0.007319 0.024016
1 0.550549 0.339433 0.010217 0.027447
5 0.427188 0.558669 0.063281 0.054209
5 0.308783 0.498056 0.046051 0.051464
5 0.441064 0.404048 0.043763 0.044602
5 0.420021 0.462717 0.042543 0.031107
5 0.560842 0.498971 0.034157 0.067475
5 0.693199 0.529163 0.061604 0.044602
5 0.801235 0.393184 0.051693 0.061757
0 0.205017 0.329712 0.020586 0.049634
6 0.206084 0.321249 0.012961 0.030878
2 0.208524 0.324909 0.007167 0.021729
0 0.529430 0.503774 0.106740 0.496112
0 0.425740 0.503317 0.120464 0.512123
0 0.737344 0.566102 0.382891 0.693962
0 0.295593 0.573307 0.373437 0.668573