6 0.750963 0.264859 0.081664 0.133295
6 0.668432 0.273226 0.066448 0.104443
6 0.567893 0.304818 0.051040 0.089729
6 0.469761 0.247259 0.062018 0.100404
6 0.334553 0.220716 0.055855 0.110214
6 0.228525 0.197490 0.099191 0.138777
6 0.174018 0.278130 0.066448 0.084824
1 0.586768 0.313762 0.009438 0.023370
1 0.318952 0.231823 0.012327 0.027409
1 0.256934 0.192297 0.014638 0.038950
1 0.179988 0.221293 0.013290 0.029429
5 0.351791 0.303953 0.036787 0.067224
5 0.478525 0.512695 0.034861 0.047894
5 0.464946 0.382141 0.027735 0.036642
5 0.515119 0.421379 0.022920 0.042412
5 0.627119 0.460762 0.042373 0.043855
5 0.641949 0.410848 0.024268 0.044432
5 0.655528 0.397721 0.014060 0.038373
5 0.619992 0.588719 0.015408 0.053953
5 0.342161 0.713070 0.041025 0.062608
5 0.367777 0.406953 0.021764 0.049913
5 0.712250 0.473168 0.044299 0.043278
5 0.669780 0.403347 0.030624 0.047317
0 0.350443 0.521062 0.141564 0.713791
0 0.265312 0.559723 0.197804 0.880554
0 0.759052 0.588863 0.131741 0.815349
0 0.565678 0.564772 0.122881 0.607328
0 0.458686 0.494518 0.127696 0.616849
0 0.673344 0.559867 0.117874 0.672533