2 0.410268 0.409040 0.047619 0.101562
6 0.407068 0.393973 0.066220 0.131696
2 0.488318 0.371205 0.030208 0.066964
6 0.483705 0.366741 0.040923 0.075893
2 0.555580 0.400446 0.034375 0.062054
6 0.555506 0.390067 0.040774 0.085491
2 0.657887 0.412723 0.060417 0.076786
6 0.656250 0.380915 0.073810 0.143080
5 0.423810 0.606585 0.033631 0.058705
5 0.505432 0.567857 0.042411 0.018750
5 0.482961 0.501004 0.036756 0.027902
5 0.462500 0.501897 0.034821 0.030580
5 0.552381 0.509598 0.027083 0.046429
5 0.588095 0.520982 0.029464 0.057143
5 0.664955 0.612277 0.029613 0.082143
1 0.382738 0.393527 0.011310 0.033482
1 0.688021 0.380804 0.010565 0.032143
0 0.561533 0.448996 0.087351 0.244866
0 0.473810 0.447879 0.099702 0.258705
0 0.383036 0.603237 0.287798 0.545759
0 0.666741 0.581696 0.295089 0.540625