6 0.513455 0.282697 0.085503 0.132523
6 0.642470 0.315538 0.014540 0.028067
6 0.567383 0.342448 0.016710 0.026331
6 0.682400 0.315104 0.016710 0.031250
6 0.661458 0.311487 0.021701 0.029803
6 0.562500 0.330150 0.011719 0.021991
6 0.131185 0.384404 0.019314 0.028646
6 0.113932 0.379485 0.013021 0.021701
6 0.240668 0.350116 0.009983 0.018519
6 0.326606 0.343750 0.013889 0.017940
6 0.026042 0.381510 0.022135 0.030382
1 0.480903 0.312500 0.006510 0.028356
1 0.539931 0.327402 0.008247 0.011863
5 0.351671 0.700231 0.036241 0.079282
5 0.610026 0.775463 0.037760 0.089120
5 0.635091 0.359664 0.005859 0.011574
5 0.626953 0.358073 0.006076 0.011285
5 0.132812 0.456453 0.009983 0.014757
5 0.261176 0.410446 0.007161 0.014757
7 0.503038 0.536892 0.182292 0.364294
4 0.514648 0.271412 0.084852 0.097222
0 0.480252 0.609954 0.296007 0.778356
0 0.333876 0.403212 0.055339 0.163484
0 0.244032 0.401910 0.040582 0.147569
0 0.146050 0.465856 0.054687 0.208333
0 0.111979 0.459346 0.021701 0.191262
0 0.033854 0.477865 0.067274 0.223090
0 0.682617 0.390336 0.023220 0.202546
0 0.644097 0.391059 0.038628 0.189525
0 0.574436 0.365451 0.042101 0.087963