5 0.799963 0.844850 0.023060 0.043764
5 0.878935 0.922507 0.017753 0.047713
5 0.155747 0.337447 0.008785 0.023363
3 0.643851 0.562192 0.013909 0.050346
3 0.621614 0.515137 0.023243 0.020731
3 0.590684 0.494077 0.010798 0.018098
3 0.565062 0.514643 0.013726 0.022376
3 0.512445 0.425633 0.019400 0.024679
3 0.443631 0.431721 0.013909 0.046068
3 0.751739 0.756170 0.026171 0.025666
3 0.657119 0.706811 0.022145 0.032247
3 0.377379 0.312932 0.012079 0.041461
3 0.443265 0.324449 0.009883 0.031589
3 0.457906 0.203356 0.014275 0.030931
3 0.511988 0.219316 0.011530 0.022047
0 0.569363 0.422343 0.076867 0.210267
0 0.649616 0.467917 0.111091 0.232313
0 0.708181 0.652188 0.142570 0.246134
0 0.845443 0.789569 0.122804 0.316881
0 0.482156 0.370681 0.088397 0.195130
0 0.482796 0.180158 0.077233 0.176703
0 0.411786 0.253208 0.079063 0.209608
0 0.116032 0.349951 0.089678 0.306351