6 0.620696 0.442646 0.024825 0.042478
6 0.698728 0.432915 0.025948 0.044349
1 0.689746 0.444704 0.002994 0.010666
1 0.611652 0.451441 0.003743 0.010292
5 0.740768 0.557635 0.010479 0.026198
5 0.666355 0.537425 0.009855 0.019461
5 0.595933 0.525730 0.007485 0.014409
7 0.619199 0.509076 0.057011 0.104229
7 0.703718 0.502433 0.057136 0.095808
4 0.696544 0.433383 0.028318 0.030314
4 0.620197 0.435816 0.026073 0.035180
3 0.728044 0.550430 0.010479 0.027133
0 0.621445 0.564371 0.080215 0.284805
0 0.701472 0.552582 0.087824 0.288548