2 0.353251 0.417660 0.091941 0.150328
6 0.366629 0.381659 0.121291 0.224276
2 0.782633 0.251277 0.098427 0.214060
6 0.792200 0.213208 0.139290 0.287765
2 0.903924 0.409876 0.192152 0.407687
6 0.906113 0.347726 0.187774 0.533933
1 0.395573 0.436998 0.031944 0.061056
5 0.270715 0.441255 0.071510 0.087083
5 0.469515 0.660302 0.066969 0.083435
5 0.688341 0.696911 0.098265 0.143517
5 0.650884 0.680126 0.068429 0.133787
5 0.714853 0.909754 0.080590 0.107516
0 0.360467 0.491243 0.353494 0.447823
0 0.758554 0.418876 0.283768 0.695694
0 0.838982 0.528582 0.322037 0.889321
0 0.195800 0.497568 0.391276 0.994649