6 0.326211 0.385684 0.122863 0.276175
2 0.338408 0.420940 0.097044 0.204060
6 0.522614 0.168803 0.095442 0.215278
2 0.525018 0.200855 0.077457 0.151709
6 0.696403 0.398371 0.117521 0.216613
2 0.681357 0.431891 0.086717 0.148504
1 0.281695 0.362313 0.022436 0.062233
1 0.481392 0.175748 0.011218 0.051282
1 0.734063 0.419605 0.021546 0.055556
5 0.346688 0.706731 0.089387 0.123932
5 0.486289 0.719151 0.061610 0.124733
0 0.286058 0.623665 0.463497 0.752671
0 0.713764 0.544071 0.252315 0.509615
0 0.481927 0.435497 0.351674 0.751335