2 0.155611 0.611877 0.064973 0.119796
6 0.152882 0.584674 0.104536 0.180843
2 0.342002 0.300511 0.067360 0.110089
6 0.337568 0.271648 0.078274 0.166284
2 0.490877 0.510473 0.056446 0.127969
6 0.508271 0.503065 0.092940 0.142784
2 0.856497 0.585951 0.055082 0.105236
6 0.857435 0.563346 0.082538 0.151980
5 0.306702 0.528097 0.050989 0.066156
5 0.417548 0.515453 0.048261 0.081226
5 0.385402 0.658493 0.061050 0.092465
5 0.364342 0.625798 0.038370 0.071520
5 0.178121 0.790166 0.044509 0.064623
1 0.307299 0.284419 0.015007 0.033972
0 0.463506 0.635632 0.236016 0.395147
0 0.146658 0.677650 0.240450 0.371392
0 0.861528 0.561175 0.104366 0.160920
0 0.341064 0.521073 0.198840 0.670754