6 0.117875 0.761771 0.060250 0.052122
6 0.149625 0.762643 0.028750 0.053866
6 0.243000 0.701221 0.033500 0.032939
6 0.309625 0.770103 0.091250 0.084674
6 0.595125 0.317380 0.044250 0.035264
6 0.718500 0.327747 0.034000 0.031583
2 0.128250 0.765356 0.031500 0.043790
1 0.117750 0.764387 0.010000 0.013563
5 0.543750 0.428212 0.019000 0.024801
5 0.630500 0.423368 0.021000 0.023251
5 0.193625 0.834916 0.027250 0.025576
5 0.168000 0.843441 0.014500 0.027902
0 0.584500 0.405735 0.146000 0.215075
0 0.711625 0.413001 0.113750 0.205580
0 0.245625 0.789576 0.094750 0.227475
0 0.305625 0.865142 0.187250 0.269715
0 0.110750 0.862139 0.119000 0.275722