6 0.548750 0.467125 0.047167 0.087250
6 0.347083 0.660250 0.056833 0.077500
6 0.619833 0.589000 0.052667 0.079500
2 0.543917 0.489000 0.034500 0.043500
2 0.359833 0.668500 0.032000 0.060500
2 0.598833 0.588625 0.010667 0.045250
1 0.339667 0.690500 0.011333 0.010000
1 0.528333 0.453000 0.003667 0.011500
1 0.570250 0.470500 0.003167 0.006000
5 0.483333 0.578000 0.025667 0.055500
5 0.538917 0.627875 0.029500 0.039250
5 0.528833 0.681625 0.026000 0.034750
5 0.348500 0.820000 0.022333 0.030500
3 0.364250 0.496000 0.018833 0.057500
3 0.509667 0.618125 0.029333 0.046250
0 0.513500 0.584750 0.165333 0.333500
0 0.345917 0.677625 0.124833 0.419250
0 0.587750 0.719250 0.135167 0.336500