2 0.581920 0.572210 0.026339 0.040402
6 0.577902 0.558705 0.035863 0.066518
2 0.507515 0.584487 0.023661 0.045759
6 0.499405 0.575893 0.038690 0.061607
2 0.701711 0.577790 0.022768 0.062723
6 0.713690 0.567187 0.047024 0.081696
6 0.632589 0.596429 0.046726 0.076339
1 0.494568 0.580692 0.008482 0.019420
1 0.566295 0.559821 0.006101 0.016964
1 0.713467 0.577902 0.006399 0.016964
5 0.601042 0.703571 0.021726 0.027679
5 0.516295 0.678460 0.016815 0.026563
5 0.595164 0.614174 0.020982 0.037277
5 0.599033 0.613281 0.020685 0.045313
5 0.689211 0.668973 0.011756 0.018304
0 0.719568 0.633594 0.071280 0.218527
0 0.572024 0.604018 0.079464 0.156250
0 0.498289 0.611607 0.082292 0.177679