2 0.228583 0.512875 0.062500 0.132750
6 0.219333 0.500000 0.081333 0.162000
2 0.541833 0.509375 0.030333 0.123250
6 0.576250 0.486750 0.105500 0.167500
2 0.633750 0.240000 0.056167 0.107000
6 0.634083 0.220375 0.066167 0.151750
2 0.717833 0.192625 0.041667 0.098750
6 0.727750 0.172750 0.073167 0.142500
5 0.313250 0.715250 0.052167 0.072500
5 0.465250 0.713750 0.053167 0.059500
5 0.580500 0.548625 0.067333 0.111750
5 0.725667 0.467250 0.070333 0.047000
5 0.636833 0.443125 0.039333 0.045250
1 0.606083 0.227375 0.009500 0.029750
1 0.664000 0.220125 0.004667 0.021750
1 0.213083 0.497500 0.088167 0.179000
0 0.201583 0.703125 0.276833 0.593750
0 0.731750 0.547000 0.229500 0.895000
0 0.466000 0.702375 0.372333 0.595250
0 0.603750 0.382375 0.174833 0.477750