6 0.786340 0.459286 0.118389 0.216181
6 0.454378 0.251510 0.127671 0.278172
6 0.237828 0.402023 0.106480 0.187812
2 0.460683 0.278303 0.096848 0.223536
2 0.244308 0.415550 0.085814 0.154452
2 0.794921 0.478198 0.098424 0.176780
1 0.509895 0.259128 0.009282 0.057526
1 0.407706 0.280799 0.018914 0.058839
1 0.740806 0.465721 0.016813 0.046756
1 0.198511 0.423168 0.016637 0.046231
5 0.542207 0.536906 0.098424 0.142895
5 0.723730 0.782375 0.073380 0.065406
5 0.763835 0.816785 0.105954 0.071710
5 0.268389 0.717757 0.061471 0.076438
5 0.231699 0.738639 0.067951 0.081954
0 0.790981 0.663252 0.266725 0.666667
0 0.497811 0.553717 0.405079 0.892566
0 0.192119 0.648673 0.237828 0.702653