6 0.186804 0.394080 0.098569 0.088399
2 0.189388 0.408282 0.074324 0.061587
6 0.513911 0.400319 0.089825 0.065304
2 0.498808 0.404035 0.058029 0.057871
6 0.746224 0.473188 0.116455 0.110167
2 0.740660 0.492700 0.091017 0.072206
5 0.228537 0.528272 0.067568 0.032387
5 0.461248 0.532121 0.041733 0.028935
5 0.522456 0.520042 0.052862 0.033448
1 0.155604 0.394744 0.013911 0.021768
1 0.534777 0.413592 0.021065 0.019644
1 0.693959 0.466817 0.010334 0.025750
0 0.160572 0.600478 0.209062 0.506504
0 0.734300 0.690072 0.293720 0.549774
0 0.500994 0.610565 0.202305 0.487390