6 0.515368 0.159539 0.103499 0.205776
6 0.836049 0.215912 0.086465 0.156345
6 0.226254 0.255762 0.124792 0.168287
1 0.794760 0.227298 0.013886 0.043599
1 0.874468 0.220078 0.009628 0.029159
1 0.560729 0.164954 0.013886 0.044988
1 0.472413 0.158428 0.013886 0.043599
5 0.617386 0.803943 0.053509 0.102194
5 0.412979 0.810192 0.059063 0.116357
5 0.209313 0.831713 0.060915 0.089420
5 0.210609 0.839072 0.053879 0.088587
5 0.764025 0.852402 0.069061 0.109136
5 0.922051 0.866565 0.055916 0.112469
0 0.525181 0.517356 0.331976 0.938073
0 0.843547 0.556790 0.284392 0.886420
0 0.213386 0.571924 0.263099 0.817828