6 0.281337 0.572005 0.031771 0.038802
6 0.431250 0.637109 0.021528 0.041406
2 0.433073 0.646354 0.011979 0.023958
6 0.522917 0.508203 0.017014 0.024219
6 0.591667 0.432552 0.014583 0.016667
6 0.641580 0.402604 0.011632 0.011458
1 0.428125 0.635807 0.003472 0.008073
1 0.340017 0.660677 0.003646 0.009896
1 0.526215 0.511458 0.002778 0.008333
7 0.258681 0.626172 0.069792 0.113281
7 0.314757 0.714453 0.039583 0.096615
7 0.417448 0.674870 0.034549 0.088281
7 0.520052 0.549349 0.037674 0.073698
7 0.591667 0.467708 0.032639 0.066146
7 0.636632 0.432552 0.028819 0.054167
7 0.716233 0.388802 0.022396 0.036979
3 0.564062 0.525781 0.014931 0.016146
3 0.666580 0.410547 0.008507 0.010156
3 0.314410 0.717188 0.011806 0.021354
3 0.437847 0.666406 0.018750 0.018750
4 0.591927 0.434635 0.019618 0.020833
4 0.524219 0.508073 0.020660 0.027083
4 0.642535 0.402083 0.014583 0.012500
4 0.282899 0.571615 0.036979 0.043229
4 0.334028 0.644010 0.020486 0.022917
0 0.264583 0.735286 0.129167 0.372135
0 0.320139 0.748307 0.049306 0.240885
0 0.286198 0.757552 0.040104 0.221354
0 0.417622 0.739974 0.053993 0.251823
0 0.535677 0.595052 0.069965 0.201042
0 0.592969 0.509245 0.036285 0.177344
0 0.646615 0.463411 0.049479 0.144531
0 0.718576 0.401562 0.027778 0.070833