6 0.389667 0.310625 0.030000 0.050750
2 0.385833 0.322875 0.020000 0.023750
6 0.325917 0.259875 0.023167 0.047750
2 0.327750 0.266875 0.016167 0.029750
6 0.416083 0.277750 0.022167 0.042500
6 0.417333 0.462375 0.027667 0.058750
6 0.761083 0.435000 0.041167 0.074500
6 0.639333 0.475625 0.029667 0.060750
6 0.858583 0.410125 0.042833 0.075250
5 0.341250 0.400125 0.015500 0.035750
5 0.310500 0.315125 0.012000 0.031250
5 0.317667 0.311000 0.010333 0.021000
5 0.353167 0.409500 0.017000 0.025500
5 0.414167 0.408125 0.010333 0.014750
5 0.407000 0.492000 0.019000 0.024500
5 0.699000 0.658875 0.018667 0.037250
3 0.638583 0.628875 0.024500 0.055250
3 0.656583 0.643125 0.009833 0.034750
3 0.738083 0.665750 0.022833 0.046500
3 0.809250 0.658000 0.016833 0.022000
1 0.320417 0.259500 0.004833 0.012500
0 0.310000 0.303875 0.067667 0.134250
0 0.353083 0.403625 0.107500 0.237250
0 0.857250 0.659875 0.156833 0.570250
0 0.766583 0.640625 0.105833 0.488750
0 0.707083 0.660625 0.059167 0.338750
0 0.626250 0.634000 0.090500 0.389500
0 0.421667 0.624250 0.074333 0.386500
0 0.437500 0.343750 0.070000 0.176500