2 0.394243 0.469291 0.121613 0.254676
6 0.372075 0.432695 0.168719 0.325098
2 0.393473 0.203764 0.108374 0.188640
6 0.369997 0.163934 0.155942 0.265528
2 0.696583 0.468598 0.108374 0.172477
6 0.685114 0.389402 0.163639 0.349342
1 0.328587 0.464442 0.034637 0.076888
1 0.335514 0.231355 0.029711 0.054953
1 0.636930 0.446548 0.012161 0.028631
5 0.240994 0.541907 0.086669 0.078042
5 0.275092 0.869199 0.116995 0.109674
5 0.715979 0.816209 0.148091 0.164396
0 0.419335 0.434080 0.445813 0.797968
0 0.454664 0.627453 0.654711 0.719695
0 0.736299 0.568922 0.418719 0.731009