6 0.169312 0.343369 0.071777 0.139828
2 0.167175 0.357572 0.058228 0.110622
6 0.275269 0.238748 0.043945 0.086617
2 0.278625 0.249650 0.035278 0.068414
6 0.408813 0.258852 0.035400 0.084817
2 0.408508 0.265153 0.030151 0.068614
6 0.506104 0.356371 0.049072 0.100220
2 0.506104 0.360772 0.040771 0.085017
2 0.703552 0.300460 0.056030 0.122424
6 0.699585 0.288558 0.066162 0.145429
2 0.953796 0.303461 0.074829 0.155631
6 0.945129 0.283757 0.094116 0.195839
2 0.055176 0.383677 0.042236 0.068814
6 0.057068 0.374075 0.050903 0.087217
1 0.137329 0.358572 0.007812 0.035807
1 0.259644 0.247249 0.008545 0.025205
1 0.485168 0.355571 0.007202 0.028606
1 0.671509 0.296859 0.009277 0.034807
1 0.906921 0.295759 0.018433 0.051410
5 0.687927 0.494999 0.050659 0.057411
5 0.460327 0.500500 0.031250 0.041608
5 0.938110 0.453791 0.065186 0.114223
5 0.040771 0.502801 0.037598 0.040208
0 0.138123 0.467594 0.228394 0.399080
0 0.275696 0.337968 0.102173 0.286257
0 0.907288 0.379276 0.185425 0.388078
0 0.690613 0.374575 0.205933 0.317063
0 0.473572 0.416283 0.139282 0.218444
0 0.407532 0.348970 0.123657 0.273055
0 0.070984 0.403881 0.095093 0.164033