6 0.289360 0.469085 0.090030 0.148884
6 0.454985 0.439621 0.075744 0.166741
6 0.650521 0.446429 0.082589 0.150446
6 0.764137 0.486272 0.105357 0.177455
5 0.294271 0.698884 0.074554 0.057143
5 0.365923 0.674442 0.043750 0.072991
5 0.632143 0.533817 0.045238 0.058705
5 0.672693 0.664397 0.041220 0.045759
5 0.774033 0.690290 0.041518 0.054688
5 0.751190 0.676786 0.033036 0.041071
1 0.262798 0.481585 0.015476 0.038616
1 0.425223 0.449554 0.015030 0.039286
1 0.687500 0.457031 0.010119 0.036384
1 0.788095 0.500446 0.017262 0.050000
0 0.273065 0.586496 0.230357 0.388616
0 0.823438 0.613839 0.236458 0.517857
0 0.650967 0.527121 0.180804 0.318973
0 0.454762 0.528125 0.159524 0.350893