6 0.247750 0.415750 0.108500 0.062833
6 0.463375 0.391750 0.065250 0.053500
6 0.830375 0.325833 0.100250 0.080333
2 0.286625 0.422083 0.032250 0.035500
2 0.454500 0.398833 0.045500 0.039000
2 0.806000 0.334167 0.051000 0.064000
1 0.839000 0.323833 0.016000 0.021333
5 0.701750 0.460583 0.055500 0.035500
5 0.667375 0.450417 0.030750 0.018167
5 0.295625 0.531750 0.042750 0.013833
5 0.409000 0.555833 0.022500 0.031000
0 0.801250 0.515000 0.252500 0.461000
0 0.537000 0.520000 0.295000 0.311333
0 0.326625 0.520083 0.332750 0.277500