6 0.871167 0.457250 0.154333 0.198500
6 0.420333 0.213375 0.079333 0.155250
6 0.052417 0.487125 0.104833 0.251250
2 0.839917 0.475125 0.086167 0.164750
2 0.428583 0.225750 0.059833 0.125500
2 0.062750 0.504625 0.090500 0.196750
1 0.885917 0.487750 0.026167 0.054000
1 0.390500 0.217750 0.013333 0.039000
1 0.010167 0.495500 0.020333 0.099000
5 0.753333 0.907625 0.043000 0.074250
5 0.678000 0.833625 0.064333 0.069750
5 0.289417 0.723375 0.056500 0.080750
5 0.459667 0.289625 0.044000 0.093250
5 0.253417 0.962500 0.096500 0.075000
5 0.118000 0.974000 0.064667 0.052000
0 0.399250 0.469125 0.275500 0.677250
0 0.147583 0.677000 0.295167 0.643000
0 0.821583 0.654250 0.356833 0.660500