2 0.610705 0.404756 0.092420 0.220867
6 0.647773 0.374502 0.169548 0.293825
2 0.765791 0.154009 0.095745 0.136205
6 0.774352 0.137575 0.127493 0.173556
6 0.267703 0.556275 0.224568 0.381474
1 0.179438 0.653760 0.040060 0.108317
1 0.364029 0.614666 0.021277 0.090886
1 0.670628 0.383715 0.027759 0.076195
1 0.808843 0.100971 0.023604 0.058516
5 0.398687 0.755478 0.081283 0.095120
5 0.496842 0.656499 0.085771 0.086902
5 0.147274 0.877490 0.078457 0.068227
5 0.784574 0.272784 0.051197 0.117779
0 0.594664 0.613795 0.473570 0.772410
0 0.828790 0.500125 0.270612 0.999751
0 0.252660 0.682271 0.476729 0.635458