5 0.437946 0.802232 0.079762 0.058929
5 0.507589 0.836607 0.092560 0.072768
5 0.302753 0.643862 0.033780 0.045759
5 0.297173 0.691406 0.044643 0.052455
5 0.570833 0.477567 0.048214 0.077902
6 0.321354 0.272321 0.080804 0.155804
2 0.322470 0.312277 0.066071 0.073661
6 0.458631 0.451339 0.108929 0.193304
2 0.467560 0.480022 0.087500 0.135491
6 0.611161 0.220424 0.114881 0.213170
2 0.615848 0.271094 0.092113 0.111384
6 0.646429 0.489174 0.110714 0.203348
2 0.611830 0.509375 0.041220 0.163839
1 0.356622 0.264621 0.007292 0.038170
1 0.508408 0.443192 0.008780 0.044420
1 0.422768 0.488058 0.019643 0.039509
1 0.659747 0.221652 0.018304 0.041071
0 0.359152 0.411384 0.158482 0.512500
0 0.425670 0.565625 0.302530 0.420982
0 0.579911 0.666853 0.361905 0.560045
0 0.681920 0.328683 0.269792 0.436830