2 0.304613 0.427455 0.119643 0.286161
6 0.227232 0.369308 0.274107 0.401563
2 0.375372 0.495647 0.066518 0.133259
6 0.372619 0.474777 0.072024 0.175446
2 0.533631 0.360714 0.050298 0.072768
6 0.540625 0.330469 0.073810 0.133259
2 0.791741 0.436272 0.098661 0.227009
6 0.850446 0.389286 0.213690 0.320536
0 0.562798 0.456027 0.168750 0.382589
0 0.293973 0.585268 0.587054 0.829464
0 0.390625 0.567746 0.231845 0.363170
0 0.802009 0.615513 0.395982 0.768973
1 0.860045 0.392634 0.039137 0.096429
1 0.223586 0.456027 0.051339 0.097321
2 0.376265 0.493973 0.061458 0.130357
5 0.551637 0.830915 0.072917 0.139955