2 0.452667 0.186750 0.050000 0.109000
6 0.463250 0.177125 0.072167 0.128250
2 0.233917 0.221625 0.046833 0.086250
6 0.218750 0.207500 0.078500 0.116500
2 0.777500 0.267250 0.054667 0.104500
6 0.781250 0.249250 0.068833 0.140000
1 0.206000 0.224625 0.014000 0.029750
1 0.482750 0.181375 0.014500 0.042250
1 0.805500 0.257625 0.008000 0.028750
5 0.276083 0.391000 0.042167 0.042500
5 0.144917 0.602375 0.019833 0.049250
5 0.381583 0.611750 0.024833 0.047500
5 0.567083 0.591875 0.040500 0.024250
5 0.790667 0.335125 0.028333 0.056750
0 0.764750 0.589500 0.215500 0.821000
0 0.478167 0.542000 0.235667 0.859500
0 0.226833 0.559000 0.199333 0.819500