2 0.510299 0.364729 0.053555 0.111925
6 0.510909 0.355230 0.067897 0.129549
6 0.793561 0.401122 0.043637 0.075303
6 0.850778 0.526322 0.094294 0.152667
2 0.237031 0.553101 0.049588 0.163195
6 0.197132 0.527466 0.131828 0.213092
1 0.540052 0.371252 0.009918 0.035706
1 0.811184 0.551270 0.008697 0.030900
1 0.782347 0.404211 0.006866 0.022431
1 0.206591 0.567521 0.018004 0.046464
5 0.443699 0.673037 0.049435 0.061570
5 0.787687 0.580682 0.058132 0.069123
5 0.765487 0.522545 0.018920 0.028382
5 0.290052 0.869879 0.107415 0.090867
0 0.494660 0.519684 0.165700 0.460288
0 0.175465 0.691005 0.337504 0.543374
0 0.810955 0.614900 0.203235 0.322499
0 0.792341 0.516594 0.082698 0.352026