2 0.801024 0.311439 0.044845 0.030425
5 0.739230 0.319104 0.011653 0.030189
5 0.736052 0.408137 0.037076 0.025708
5 0.305968 0.549764 0.027189 0.033491
5 0.361758 0.381722 0.017302 0.026179
4 0.820445 0.276651 0.110523 0.049057
4 0.307910 0.272759 0.090395 0.059670
4 0.196151 0.331958 0.112641 0.049764
7 0.304732 0.361557 0.132062 0.162264
7 0.214160 0.471934 0.197387 0.189623
7 0.831921 0.392689 0.139831 0.144811
0 0.248411 0.503066 0.270833 0.404245
0 0.321328 0.418396 0.163842 0.353302
0 0.792549 0.429953 0.232698 0.356604
0 0.042373 0.272995 0.084746 0.089387