6 0.369515 0.529133 0.093750 0.162351
6 0.545379 0.645294 0.065160 0.107321
6 0.416223 0.395792 0.077128 0.103337
6 0.871260 0.293078 0.082945 0.134960
2 0.377992 0.554656 0.051529 0.108317
2 0.431267 0.402141 0.040060 0.087151
2 0.858378 0.311006 0.053524 0.093625
1 0.346908 0.539467 0.012965 0.033616
1 0.569481 0.654880 0.012965 0.028884
1 0.891124 0.296439 0.014295 0.040090
5 0.295711 0.576942 0.036237 0.039841
5 0.416888 0.714268 0.059840 0.074950
5 0.434425 0.737799 0.039062 0.049801
5 0.547706 0.728959 0.037234 0.029133
5 0.868351 0.560632 0.055851 0.055528
5 0.800283 0.558391 0.027759 0.063496
0 0.532829 0.672809 0.171376 0.159363
0 0.883893 0.611678 0.194315 0.774153
0 0.399019 0.551170 0.245180 0.415588
0 0.354388 0.688621 0.200465 0.479831