6 0.192882 0.164844 0.134375 0.243750
2 0.222656 0.209766 0.072396 0.153906
6 0.730816 0.211198 0.168576 0.240104
2 0.696701 0.284115 0.074653 0.093229
6 0.603646 0.070052 0.105556 0.139583
2 0.596528 0.070052 0.090278 0.139583
0 0.238281 0.520312 0.476215 0.959375
0 0.610503 0.280990 0.287674 0.561458
0 0.738976 0.536328 0.522049 0.927344
1 0.182031 0.185026 0.018924 0.052865
1 0.646875 0.044010 0.013542 0.046354
5 0.027778 0.108854 0.047222 0.019271
5 0.088108 0.161849 0.025868 0.070052
5 0.359983 0.133203 0.047743 0.059635
5 0.217274 0.038151 0.022743 0.021094
5 0.345399 0.498698 0.048785 0.074479
5 0.432205 0.613542 0.090799 0.055208
5 0.550868 0.512500 0.087500 0.105729
5 0.525434 0.590104 0.096007 0.064583
5 0.569358 0.671484 0.089063 0.158073
0 0.331250 0.228125 0.203472 0.455729
0 0.948351 0.304557 0.103299 0.322656
0 0.051302 0.217708 0.102257 0.241667