2 0.356920 0.225000 0.079613 0.147321
6 0.357664 0.202344 0.095089 0.194420
2 0.256994 0.485045 0.082143 0.143750
6 0.250000 0.462277 0.097321 0.190179
2 0.515551 0.468973 0.100446 0.158482
6 0.523810 0.423438 0.119643 0.241964
2 0.635119 0.532143 0.078274 0.209375
6 0.675521 0.490848 0.161458 0.293750
1 0.211905 0.478571 0.015774 0.050000
1 0.574405 0.441518 0.018155 0.057589
1 0.677083 0.535268 0.025000 0.061607
5 0.228869 0.593527 0.078274 0.097768
5 0.183482 0.747321 0.088393 0.087946
5 0.471801 0.548326 0.080208 0.085491
5 0.416146 0.743638 0.037054 0.064063
0 0.220908 0.553460 0.242411 0.463616
0 0.374554 0.418750 0.204464 0.628571
0 0.518006 0.533705 0.295536 0.478571
0 0.705357 0.671987 0.559524 0.656027