2 0.479582 0.382202 0.101447 0.089111
6 0.487365 0.348755 0.116645 0.152344
2 0.760941 0.485291 0.062443 0.098267
6 0.810383 0.466736 0.160960 0.127075
6 0.079473 0.596008 0.158579 0.136108
1 0.536074 0.375793 0.021058 0.031128
1 0.124977 0.632507 0.016664 0.033813
5 0.603919 0.723877 0.123054 0.065186
5 0.570408 0.725403 0.064457 0.065796
5 0.389306 0.730835 0.085699 0.092529
5 0.421809 0.740601 0.073796 0.078369
5 0.246750 0.549866 0.058048 0.043823
5 0.422633 0.592957 0.082402 0.049438
0 0.770280 0.702332 0.459440 0.595337
0 0.432247 0.487305 0.429042 0.462646
0 0.297931 0.763611 0.595495 0.472778