2 0.832326 0.303576 0.122840 0.239699
2 0.676745 0.375486 0.088459 0.144079
2 0.563839 0.457113 0.065135 0.092252
2 0.510625 0.465535 0.040256 0.077481
6 0.874914 0.220135 0.244299 0.418502
6 0.684606 0.314978 0.151520 0.284271
6 0.573169 0.412931 0.112820 0.207048
6 0.519091 0.446100 0.057187 0.123607
1 0.915860 0.234517 0.038355 0.089661
1 0.724603 0.319772 0.025225 0.066857
1 0.593815 0.406841 0.021424 0.052345
1 0.533518 0.447914 0.015895 0.040166
5 0.433483 0.624385 0.041120 0.040166
5 0.481945 0.658072 0.052350 0.062451
5 0.517968 0.707308 0.079475 0.069189
5 0.564098 0.772609 0.079820 0.090956
5 0.623272 0.905157 0.129060 0.146670
0 0.698082 0.500907 0.347443 0.650428
0 0.496545 0.512050 0.177263 0.252915
0 0.778421 0.514382 0.443158 0.971236
0 0.593815 0.539907 0.240498 0.441824