6 0.646499 0.439424 0.132629 0.295082
2 0.657199 0.467613 0.109115 0.238705
6 0.494452 0.164534 0.116513 0.255498
2 0.500661 0.204518 0.088771 0.176329
6 0.332497 0.465414 0.119683 0.239104
2 0.355878 0.486405 0.071863 0.196321
5 0.313342 0.818473 0.091413 0.112755
5 0.501189 0.590164 0.067635 0.093563
5 0.338573 0.841064 0.056275 0.063575
5 0.854161 0.762695 0.111493 0.165934
5 0.698943 0.814474 0.075826 0.150340
1 0.591546 0.471811 0.023250 0.063974
1 0.449273 0.185726 0.025627 0.065174
1 0.548481 0.159736 0.007398 0.049180
0 0.309379 0.612355 0.302774 0.532987
0 0.496037 0.421232 0.209511 0.767293
0 0.708719 0.591363 0.401321 0.598960