6 0.772727 0.219484 0.086510 0.209204
2 0.781617 0.238903 0.068365 0.170366
6 0.362078 0.374510 0.039040 0.115209
2 0.366294 0.392298 0.029875 0.080287
6 0.232313 0.378427 0.044538 0.089752
2 0.236804 0.383486 0.034091 0.079634
6 0.103372 0.410248 0.041789 0.081593
2 0.108321 0.423466 0.031525 0.055157
5 0.897361 0.697944 0.053152 0.100196
5 0.144520 0.594321 0.022911 0.038512
0 0.101173 0.661880 0.109604 0.628590
0 0.217375 0.651599 0.090543 0.689621
0 0.321573 0.652089 0.131782 0.695822
0 0.769703 0.537369 0.309201 0.925261
1 0.740561 0.236945 0.017412 0.050261
1 0.347507 0.379243 0.008431 0.032637
1 0.215726 0.384954 0.009531 0.029700
1 0.089351 0.413512 0.007515 0.020235
0 0.452621 0.636423 0.096957 0.727154
0 0.539589 0.668734 0.096774 0.662533