6 0.474185 0.464904 0.089414 0.084808
6 0.731468 0.512788 0.088261 0.082115
6 0.504615 0.186442 0.074704 0.067885
2 0.475195 0.486827 0.069513 0.040192
2 0.517018 0.201923 0.049899 0.036154
2 0.721806 0.529038 0.068936 0.049615
1 0.434670 0.462788 0.010384 0.019808
1 0.513701 0.461635 0.010384 0.018269
3 0.398327 0.653365 0.057687 0.059038
3 0.603836 0.609519 0.037208 0.057115
3 0.773003 0.720096 0.054802 0.033269
3 0.520479 0.370481 0.060860 0.038654
0 0.710845 0.645865 0.251226 0.348654
0 0.518171 0.321731 0.187770 0.345000
0 0.430632 0.625385 0.223825 0.404231