6 0.401625 0.622000 0.065750 0.070333
6 0.547125 0.695583 0.065250 0.063833
6 0.278875 0.616083 0.065250 0.065500
2 0.397375 0.638583 0.053250 0.038167
2 0.541375 0.704417 0.053750 0.047500
2 0.281875 0.628000 0.055250 0.041000
1 0.252000 0.614167 0.010000 0.016333
1 0.572500 0.702583 0.012000 0.015833
3 0.190000 0.750167 0.033500 0.030333
3 0.333250 0.719333 0.026000 0.030333
3 0.363750 0.678167 0.042000 0.024333
3 0.429125 0.740667 0.048750 0.019000
3 0.490625 0.785250 0.029750 0.039167
3 0.511375 0.792833 0.051250 0.028333
0 0.252375 0.727250 0.189750 0.288833
0 0.559375 0.815500 0.167750 0.304000
0 0.414750 0.721250 0.190500 0.277167