6 0.380599 0.334252 0.014862 0.017770
6 0.433225 0.329657 0.010586 0.020833
2 0.433123 0.331342 0.008754 0.014400
6 0.419076 0.386642 0.009568 0.018382
2 0.419279 0.387714 0.008754 0.014400
6 0.455212 0.389859 0.013029 0.015012
6 0.507634 0.350797 0.011197 0.020221
2 0.505700 0.353554 0.004886 0.012255
6 0.546213 0.348346 0.012215 0.019608
2 0.546213 0.351869 0.008958 0.010723
6 0.598941 0.417739 0.018730 0.036458
6 0.524430 0.488511 0.032166 0.064645
2 0.526160 0.501532 0.027891 0.037990
6 0.477402 0.498468 0.022394 0.047181
2 0.477809 0.509344 0.018730 0.025429
6 0.612581 0.532935 0.047638 0.032169
1 0.470480 0.502604 0.004886 0.010723
1 0.537663 0.488205 0.004886 0.014400
1 0.429967 0.329044 0.002443 0.005515
4 0.380497 0.332721 0.013844 0.013480
4 0.455415 0.390319 0.013029 0.015931
4 0.547028 0.343750 0.013029 0.011642
5 0.530843 0.619026 0.023005 0.032782
5 0.513233 0.611520 0.015472 0.023284
3 0.446865 0.578431 0.015065 0.027574
5 0.660118 0.801317 0.023819 0.046875
3 0.553339 0.405178 0.007329 0.013174
3 0.538681 0.404105 0.007329 0.015931
3 0.496437 0.403033 0.009161 0.016850
6 0.899023 0.308824 0.010993 0.031250
2 0.898717 0.312960 0.009161 0.021752
0 0.536238 0.557904 0.076954 0.202819
0 0.465696 0.540441 0.075529 0.131127
0 0.433530 0.380362 0.026262 0.121630
0 0.417447 0.411458 0.023412 0.074755
0 0.377545 0.376225 0.020562 0.106005
0 0.505293 0.395833 0.037866 0.110907
0 0.548046 0.388940 0.023616 0.100797
0 0.638029 0.731005 0.155537 0.433824
0 0.606881 0.475031 0.061889 0.152267
0 0.451547 0.411612 0.027280 0.060355