6 0.140375 0.050167 0.027750 0.038333
6 0.320875 0.136333 0.012750 0.020000
6 0.782000 0.290833 0.043500 0.057000
6 0.524375 0.141167 0.060750 0.091000
6 0.616625 0.242667 0.068750 0.109333
6 0.445875 0.343167 0.055250 0.094333
5 0.692625 0.582833 0.025750 0.050333
5 0.481500 0.304000 0.021000 0.044000
5 0.496000 0.285167 0.029000 0.033000
5 0.430750 0.302000 0.025500 0.032000
5 0.566250 0.263833 0.015000 0.024333
2 0.440750 0.362667 0.043500 0.053333
2 0.526750 0.165167 0.036000 0.043000
2 0.780875 0.303833 0.023750 0.030333
1 0.795000 0.294167 0.004500 0.013667
0 0.432625 0.574000 0.172750 0.606667
0 0.591125 0.549167 0.228750 0.722333
0 0.154375 0.081167 0.055250 0.105000
0 0.326500 0.164667 0.039000 0.082667
0 0.598375 0.219833 0.233250 0.253000
0 0.785625 0.322500 0.084750 0.123000