2 0.679370 0.373095 0.176829 0.407774
6 0.767276 0.354230 0.357215 0.546875
2 0.494792 0.427020 0.125762 0.275534
6 0.524771 0.387957 0.189278 0.357470
2 0.421113 0.214367 0.113567 0.264101
6 0.455666 0.190168 0.182673 0.312500
2 0.266514 0.254383 0.079776 0.175686
6 0.300940 0.234756 0.152693 0.215701
5 0.142785 0.953316 0.162093 0.093369
5 0.111662 0.928163 0.138465 0.102515
5 0.079141 0.839558 0.157774 0.139482
5 0.053100 0.732088 0.105691 0.079268
5 0.057800 0.665968 0.115091 0.075076
0 0.773882 0.540396 0.452236 0.919207
0 0.391895 0.602325 0.685722 0.795351
0 0.275534 0.453316 0.550559 0.905869
0 0.209985 0.413110 0.419461 0.584604