2 0.709906 0.272069 0.040566 0.051201
1 0.735377 0.269951 0.009434 0.020833
5 0.717099 0.477225 0.034670 0.049788
5 0.621108 0.427613 0.020991 0.057203
5 0.602476 0.428849 0.024292 0.046257
5 0.345165 0.413312 0.027123 0.057556
5 0.337264 0.578743 0.023113 0.055791
4 0.714976 0.222987 0.070991 0.071681
4 0.512146 0.375530 0.069575 0.093573
4 0.284434 0.267832 0.073585 0.069562
7 0.514741 0.582097 0.132311 0.282133
7 0.301061 0.435558 0.099292 0.245410
7 0.718750 0.370586 0.098349 0.221398
0 0.295283 0.480049 0.114151 0.522952
0 0.471108 0.643891 0.281840 0.625353
0 0.708373 0.433969 0.214387 0.515537