6 0.252335 0.481201 0.212049 0.166016
2 0.296100 0.512512 0.123787 0.102173
6 0.809650 0.430969 0.207105 0.171265
2 0.757004 0.469910 0.102179 0.094116
5 0.373558 0.748230 0.109870 0.055786
5 0.442501 0.761963 0.080388 0.060547
1 0.222945 0.512512 0.037539 0.030151
5 0.565647 0.747009 0.081670 0.065552
5 0.597784 0.750244 0.102728 0.063965
1 0.812763 0.437988 0.026918 0.043457
4 0.255173 0.454468 0.227614 0.115234
4 0.793628 0.382263 0.262589 0.097046
7 0.279436 0.731506 0.348654 0.343140
0 0.280901 0.697571 0.478301 0.604858
0 0.762772 0.667114 0.474455 0.665771
3 0.554935 0.786865 0.058780 0.055664