6 0.439971 0.261254 0.112813 0.200869
6 0.628959 0.510400 0.058994 0.128532
6 0.696543 0.547190 0.087767 0.146849
6 0.561685 0.520801 0.057338 0.120770
6 0.160008 0.154610 0.177603 0.309221
2 0.674291 0.574821 0.035810 0.088482
2 0.626371 0.530270 0.048437 0.085067
2 0.560753 0.544086 0.044711 0.066749
2 0.435210 0.275846 0.082178 0.161751
2 0.204099 0.179292 0.086939 0.252406
1 0.176154 0.165166 0.034775 0.078857
1 0.478783 0.264825 0.017802 0.036635
1 0.689298 0.569233 0.012834 0.039429
1 0.640344 0.519714 0.016767 0.028563
5 0.382012 0.664390 0.059822 0.085067
5 0.383461 0.676808 0.052370 0.121701
5 0.555682 0.689227 0.032084 0.036635
5 0.595115 0.741540 0.030221 0.043154
5 0.666011 0.692642 0.054026 0.057125
5 0.652970 0.735175 0.043262 0.032909
5 0.394846 0.900807 0.094183 0.123875
0 0.649865 0.581031 0.102049 0.274759
0 0.728110 0.720584 0.297454 0.512884
0 0.464604 0.575442 0.364935 0.849115
0 0.587974 0.586774 0.096253 0.245265
0 0.240116 0.496119 0.480232 0.992238