2 0.404645 0.444637 0.087665 0.173702
6 0.404568 0.422953 0.109351 0.215225
2 0.597662 0.242676 0.101507 0.150865
6 0.593587 0.184775 0.126269 0.264821
2 0.722778 0.526759 0.106890 0.228604
6 0.722086 0.497693 0.130114 0.283968
1 0.356736 0.439792 0.013073 0.058362
1 0.450938 0.455940 0.015072 0.056055
1 0.649108 0.206344 0.011535 0.049135
1 0.778914 0.520992 0.019840 0.068051
5 0.235158 0.805306 0.064903 0.081200
5 0.346278 0.787082 0.057982 0.089504
5 0.466010 0.832065 0.110120 0.065052
5 0.517994 0.866897 0.105506 0.061822
5 0.927638 0.771396 0.085666 0.125490
0 0.654645 0.652018 0.486773 0.595848
0 0.349585 0.588812 0.314057 0.550173
0 0.732467 0.438870 0.456014 0.784083