2 0.389136 0.413234 0.061992 0.157652
6 0.359905 0.400230 0.121068 0.185501
2 0.538284 0.336709 0.070585 0.122900
6 0.542581 0.288608 0.082860 0.218182
2 0.715513 0.298849 0.091453 0.114845
6 0.723646 0.250058 0.108332 0.212888
1 0.503759 0.304143 0.005217 0.039356
1 0.578027 0.317031 0.008593 0.038435
1 0.769219 0.261910 0.017493 0.047411
1 0.347476 0.434868 0.024398 0.049482
5 0.818628 0.760184 0.092374 0.099425
5 0.594982 0.647296 0.043425 0.024626
5 0.644468 0.672497 0.045727 0.030380
5 0.523477 0.755696 0.065521 0.127733
5 0.493939 0.685616 0.042658 0.040506
5 0.411846 0.612773 0.038361 0.089068
0 0.507672 0.439241 0.202701 0.531415
0 0.356836 0.592175 0.395120 0.563867
0 0.772518 0.565478 0.304588 0.849252
6 0.110710 0.367549 0.057849 0.107710
2 0.100890 0.395742 0.039742 0.055466