2 0.279133 0.450418 0.102247 0.166493
6 0.279916 0.424191 0.114266 0.222599
2 0.444173 0.390919 0.066887 0.128392
6 0.433026 0.365475 0.088835 0.182411
2 0.628201 0.377610 0.072635 0.131002
6 0.627852 0.356994 0.079254 0.169624
1 0.594583 0.357516 0.007490 0.040188
1 0.402195 0.377610 0.018115 0.043319
1 0.236283 0.400444 0.023167 0.058716
5 0.318673 0.747390 0.080996 0.089248
5 0.415172 0.682542 0.052430 0.090553
5 0.519422 0.653836 0.063752 0.060282
5 0.576816 0.642876 0.056262 0.053497
5 0.601115 0.616258 0.057830 0.055585
5 0.656767 0.430976 0.029437 0.074896
0 0.464205 0.484603 0.283574 0.431628
0 0.249869 0.618867 0.383731 0.634916
0 0.587441 0.456289 0.175753 0.377610