6 0.116653 0.192214 0.053258 0.074615
6 0.163693 0.292511 0.041363 0.061098
2 0.681265 0.332522 0.064342 0.075155
2 0.761016 0.185050 0.031360 0.032712
2 0.499189 0.183563 0.026764 0.031360
2 0.417410 0.092998 0.049202 0.054069
2 0.593674 0.053663 0.049743 0.044607
2 0.262774 0.036226 0.049202 0.071911
2 0.053798 0.090295 0.037848 0.043255
2 0.120979 0.202487 0.039740 0.037848
2 0.160043 0.304136 0.029738 0.034063
2 0.264801 0.341714 0.082995 0.102190
1 0.211814 0.334955 0.013247 0.023250
1 0.721276 0.331441 0.014599 0.023790
1 0.646256 0.316572 0.006759 0.027575
1 0.447283 0.096107 0.010003 0.020816
1 0.515004 0.174912 0.005948 0.014058
1 0.780346 0.174912 0.005677 0.014058
1 0.624899 0.040552 0.011084 0.018383
1 0.564612 0.046905 0.009462 0.015410
1 0.292241 0.029738 0.006488 0.013517
1 0.096783 0.195458 0.008110 0.018924
5 0.395783 0.714112 0.085969 0.103001
5 0.118546 0.648148 0.064612 0.077589
5 0.182347 0.275074 0.027305 0.032712
5 0.445255 0.366991 0.062179 0.054880
5 0.092593 0.286564 0.027845 0.038929
3 0.748446 0.633009 0.035415 0.045147
3 0.547580 0.505407 0.082995 0.060827
3 0.625980 0.290754 0.052176 0.098135
3 0.319546 0.256421 0.034604 0.041363
0 0.652744 0.471884 0.280887 0.383077
0 0.270073 0.619627 0.347662 0.693160
0 0.407543 0.227629 0.146796 0.361179
0 0.511895 0.294945 0.081373 0.304947
0 0.603271 0.232090 0.138145 0.463639
0 0.779129 0.248446 0.075155 0.216815
0 0.258583 0.202487 0.178156 0.404434
0 0.050960 0.225196 0.101379 0.351446
0 0.114085 0.223304 0.069749 0.148689
0 0.135983 0.337929 0.113544 0.156258