6 0.712187 0.262817 0.113742 0.196789
6 0.630164 0.359529 0.094209 0.168566
6 0.468366 0.423874 0.082455 0.143967
6 0.339585 0.292853 0.089369 0.153288
6 0.210112 0.358105 0.109421 0.168824
2 0.352290 0.306447 0.049092 0.112636
2 0.474330 0.439539 0.055315 0.105386
2 0.613483 0.380243 0.050130 0.109011
2 0.690838 0.296608 0.058946 0.122993
2 0.235004 0.376359 0.055143 0.120404
1 0.729646 0.288969 0.023855 0.048679
5 0.695506 0.731486 0.075886 0.070430
5 0.539758 0.807613 0.019879 0.085448
5 0.439844 0.663387 0.090752 0.074055
5 0.453068 0.682418 0.054278 0.034956
5 0.444857 0.705981 0.086603 0.073278
5 0.447710 0.740808 0.057044 0.048679
5 0.286949 0.690963 0.025929 0.047385
0 0.632066 0.577162 0.471392 0.832729
0 0.303198 0.637235 0.365082 0.725531
0 0.381417 0.567064 0.234918 0.713620
0 0.480899 0.636587 0.167329 0.569912
0 0.597580 0.611341 0.287986 0.702745