6 0.161240 0.583058 0.072676 0.119868
2 0.174296 0.592378 0.045304 0.092732
6 0.306277 0.566895 0.048765 0.076215
2 0.312018 0.570670 0.035079 0.062058
6 0.496933 0.552619 0.044046 0.078339
2 0.501101 0.558282 0.034136 0.065597
6 0.707331 0.325625 0.092654 0.151015
5 0.191207 0.795422 0.059619 0.043417
5 0.194589 0.646413 0.040585 0.053563
5 0.348828 0.698679 0.027843 0.031619
5 0.358581 0.688414 0.010540 0.020057
5 0.499685 0.711892 0.035079 0.027843
5 0.479157 0.697971 0.017933 0.027843
5 0.855671 0.317249 0.036338 0.054507
1 0.147475 0.596744 0.012742 0.025484
1 0.292591 0.582350 0.009124 0.018405
1 0.483719 0.571614 0.010382 0.018641
1 0.740601 0.346272 0.008809 0.036102
0 0.504247 0.616800 0.101463 0.210005
0 0.184836 0.672015 0.105710 0.298726
0 0.305175 0.639807 0.117036 0.221567
0 0.749489 0.623525 0.282681 0.752950