2 0.115529 0.367329 0.055637 0.099902
6 0.109638 0.351006 0.068401 0.135493
2 0.482982 0.518532 0.036492 0.127884
6 0.460317 0.504418 0.082802 0.158076
2 0.651366 0.552651 0.072165 0.114138
6 0.653576 0.524178 0.093274 0.180412
2 0.757486 0.519391 0.064474 0.144330
6 0.769759 0.493004 0.102438 0.200049
1 0.693013 0.529210 0.012764 0.043201
1 0.790623 0.505523 0.014891 0.040992
5 0.454836 0.736009 0.050565 0.045410
5 0.085665 0.418753 0.039764 0.092784
5 0.673294 0.738954 0.052856 0.057683
5 0.802651 0.725331 0.037310 0.039764
0 0.823515 0.696244 0.351661 0.607511
0 0.677712 0.590206 0.213222 0.318360
0 0.442235 0.711095 0.203404 0.577320
0 0.129602 0.624939 0.181640 0.746686