2 0.446009 0.371036 0.048605 0.040007
2 0.610329 0.366796 0.047501 0.047751
2 0.775753 0.363016 0.023750 0.042773
2 0.234604 0.362187 0.043911 0.051069
6 0.221900 0.356010 0.070423 0.062316
6 0.439796 0.360527 0.062138 0.062869
6 0.610881 0.355826 0.059652 0.067478
6 0.794670 0.352323 0.062138 0.065265
1 0.209196 0.358591 0.008009 0.015855
1 0.415631 0.366980 0.013256 0.017146
5 0.255040 0.402010 0.034521 0.031895
5 0.570423 0.447917 0.033969 0.031527
5 0.661696 0.432246 0.038111 0.031527
5 0.691384 0.455383 0.028445 0.023599
5 0.776443 0.457872 0.043911 0.020096
0 0.403756 0.472898 0.180061 0.288348
0 0.790389 0.478982 0.293289 0.319690
0 0.623999 0.475756 0.162662 0.313237
0 0.191107 0.490505 0.228114 0.330937