6 0.159524 0.446652 0.145536 0.179911
6 0.079092 0.397098 0.054315 0.083929
6 0.253348 0.347656 0.048065 0.083705
2 0.248214 0.358147 0.036905 0.062723
6 0.366890 0.458259 0.041220 0.084375
2 0.363021 0.470871 0.029613 0.059152
2 0.505878 0.403237 0.070685 0.120759
2 0.520089 0.427121 0.041071 0.072098
6 0.014137 0.453683 0.026488 0.049330
2 0.018527 0.459821 0.015625 0.037500
6 0.813021 0.313393 0.079315 0.146875
2 0.827158 0.347545 0.051042 0.076339
6 0.813690 0.550000 0.084226 0.125893
1 0.154018 0.503795 0.026488 0.064286
1 0.268676 0.361272 0.006994 0.011830
3 0.481324 0.616183 0.057887 0.072098
5 0.021577 0.905246 0.042857 0.106027
0 0.496354 0.668750 0.199256 0.662500
0 0.370833 0.512388 0.089881 0.203348
0 0.266667 0.458147 0.115476 0.299777
0 0.782068 0.505022 0.240625 0.571652
0 0.018824 0.469420 0.037351 0.082143
0 0.805804 0.744420 0.212500 0.511161
0 0.201935 0.677009 0.403571 0.641071