6 0.629861 0.415365 0.085764 0.136979
6 0.430469 0.633724 0.053993 0.087760
5 0.166146 0.603385 0.023264 0.048437
5 0.231250 0.647526 0.033333 0.042448
5 0.433247 0.782552 0.032118 0.056771
5 0.473872 0.677865 0.017535 0.032812
5 0.698611 0.683203 0.039583 0.041406
5 0.664497 0.567578 0.028993 0.034115
5 0.323698 0.260547 0.006076 0.011719
5 0.333767 0.240755 0.007465 0.015365
1 0.644531 0.453385 0.018924 0.024479
1 0.454601 0.607161 0.005382 0.009635
2 0.625434 0.463932 0.053993 0.036719
2 0.101476 0.446224 0.041493 0.028906
0 0.185243 0.573698 0.264236 0.448958
0 0.441493 0.642708 0.104514 0.313542
0 0.713368 0.610547 0.254167 0.522656