2 0.123608 0.357315 0.023109 0.039583
6 0.122693 0.336454 0.040233 0.083445
2 0.284705 0.385263 0.023109 0.040920
6 0.283874 0.372292 0.030756 0.069002
2 0.579717 0.285370 0.052868 0.080770
6 0.581380 0.239101 0.081796 0.173308
2 0.712718 0.196978 0.047548 0.078363
6 0.724771 0.155255 0.076974 0.162343
6 0.684622 0.324686 0.038570 0.065258
5 0.581546 0.439690 0.051205 0.058304
5 0.681879 0.416422 0.029094 0.041187
5 0.111222 0.521664 0.019618 0.038780
3 0.628595 0.477267 0.079135 0.086922
3 0.889609 0.458946 0.059850 0.098422
3 0.251787 0.555229 0.022111 0.054560
3 0.310557 0.518989 0.027265 0.043060
1 0.549210 0.256486 0.010474 0.034234
1 0.736326 0.172506 0.012635 0.028885
1 0.110806 0.340599 0.004156 0.012570
4 0.124855 0.322011 0.044223 0.054560
4 0.283292 0.357582 0.032253 0.039048
4 0.580299 0.216368 0.083957 0.124097
4 0.686035 0.312650 0.042394 0.039583
4 0.723026 0.119016 0.090108 0.100562
4 0.363591 0.473656 0.031588 0.018722
4 0.015960 0.432469 0.031588 0.028350
3 0.014630 0.641883 0.028928 0.110190
0 0.763924 0.501872 0.331172 0.809040
0 0.538570 0.518588 0.322361 0.725328
0 0.124190 0.526210 0.107398 0.456539
0 0.681297 0.503477 0.069160 0.411072
0 0.280050 0.484889 0.091937 0.300080
0 0.375894 0.540786 0.083126 0.155122