6 0.608971 0.454300 0.255588 0.408022
6 0.481765 0.262630 0.230588 0.469726
6 0.241912 0.332819 0.389118 0.651755
2 0.504412 0.338604 0.189412 0.310066
2 0.613676 0.488623 0.177353 0.333976
2 0.280000 0.429811 0.258824 0.475511
1 0.157059 0.360393 0.082941 0.164674
5 0.569265 0.746818 0.118529 0.224065
5 0.698382 0.818936 0.173235 0.169302
5 0.797353 0.877748 0.062941 0.063247
5 0.248382 0.757038 0.186765 0.201311
0 0.219706 0.442730 0.439412 0.839954
0 0.492500 0.246433 0.237941 0.492865
0 0.614265 0.576359 0.452647 0.672194