2 0.554218 0.385277 0.038462 0.073244
6 0.552357 0.368087 0.051117 0.109865
6 0.501117 0.377803 0.032506 0.055306
2 0.660298 0.383221 0.040199 0.069880
6 0.665385 0.360239 0.053350 0.116592
2 0.185856 0.477578 0.040199 0.056054
6 0.186973 0.445441 0.052854 0.120329
6 0.951613 0.394245 0.031762 0.055306
5 0.545161 0.546712 0.027295 0.053064
5 0.649876 0.507100 0.031266 0.053064
5 0.697395 0.668722 0.030521 0.058670
3 0.227295 0.711697 0.044169 0.080344
5 0.084243 0.704223 0.023077 0.051943
3 0.953474 0.540546 0.016129 0.027280
1 0.531514 0.370703 0.006452 0.020927
4 0.672829 0.345291 0.063772 0.085202
4 0.952605 0.386211 0.037717 0.039985
0 0.540943 0.645927 0.131017 0.658072
0 0.683499 0.641629 0.123821 0.676383
0 0.950620 0.524103 0.058561 0.326233
0 0.160050 0.695628 0.179653 0.608744