6 0.530625 0.350019 0.105250 0.178103
6 0.805000 0.392388 0.123500 0.250844
6 0.167375 0.503750 0.167250 0.284589
2 0.520250 0.370079 0.073500 0.125984
2 0.799375 0.442632 0.097250 0.150356
2 0.181500 0.582302 0.070500 0.113236
1 0.567000 0.349456 0.019000 0.053243
1 0.852375 0.407949 0.020250 0.054743
1 0.178625 0.523622 0.025750 0.067867
5 0.410750 0.443195 0.058500 0.083990
5 0.561375 0.586427 0.099250 0.109486
5 0.625125 0.761905 0.075250 0.104237
5 0.265125 0.688789 0.089750 0.086239
5 0.223625 0.778778 0.092250 0.101987
0 0.530000 0.475253 0.307000 0.450319
0 0.156625 0.673791 0.313250 0.634421
0 0.753750 0.632358 0.492500 0.735283