6 0.544134 0.372442 0.240132 0.213450
2 0.526590 0.418403 0.172697 0.122259
6 0.790570 0.305738 0.214364 0.194810
2 0.783991 0.356268 0.157346 0.087537
6 0.351974 0.237025 0.177083 0.183480
2 0.380345 0.284905 0.120340 0.088450
6 0.706826 0.200841 0.151590 0.112208
1 0.308251 0.275768 0.029331 0.036550
1 0.873218 0.326389 0.017818 0.025219
1 0.651042 0.215643 0.023026 0.032529
3 0.456140 0.810855 0.214364 0.095760
3 0.548383 0.895011 0.175713 0.132493
0 0.839364 0.603893 0.321272 0.792215
0 0.305510 0.562135 0.356634 0.836988
0 0.947094 0.320084 0.097039 0.150402
0 0.040296 0.332876 0.080044 0.370797
0 0.690378 0.260874 0.180647 0.239218
0 0.495203 0.622807 0.597314 0.754386