6 0.767029 0.268650 0.220019 0.331015
6 0.466741 0.297194 0.083786 0.150636
6 0.237208 0.307148 0.116565 0.244423
2 0.245283 0.334253 0.094979 0.191173
2 0.467301 0.313385 0.058363 0.114416
2 0.738727 0.325138 0.124720 0.219957
1 0.433642 0.303070 0.010873 0.033821
1 0.498321 0.311825 0.011992 0.029743
1 0.187400 0.302950 0.020787 0.049892
5 0.522226 0.843488 0.047010 0.078916
5 0.375600 0.833533 0.023025 0.078196
5 0.326351 0.353082 0.063319 0.118973
0 0.229933 0.583473 0.342501 0.794675
0 0.714263 0.561046 0.368724 0.877908
0 0.447713 0.606980 0.224816 0.786040