6 0.123447 0.212171 0.141265 0.263158
6 0.394645 0.306880 0.079861 0.183936
2 0.380574 0.344161 0.051352 0.110471
6 0.599141 0.290570 0.099598 0.189693
2 0.609101 0.300576 0.078216 0.168586
6 0.838999 0.175164 0.159357 0.294408
5 0.538103 0.367736 0.062683 0.148849
5 0.646107 0.427495 0.067800 0.104441
1 0.061952 0.216009 0.016082 0.066886
1 0.410179 0.332648 0.017361 0.040844
1 0.565333 0.306195 0.017361 0.037829
1 0.779148 0.240132 0.024671 0.072917
3 0.362299 0.618695 0.065241 0.072917
0 0.359649 0.606360 0.225146 0.785088
0 0.559759 0.596765 0.332602 0.806469
0 0.760782 0.513706 0.478436 0.972588
0 0.117325 0.539474 0.234284 0.921053