6 0.486705 0.408583 0.005531 0.009892
6 0.481493 0.407147 0.005743 0.010211
6 0.476388 0.409700 0.005318 0.010849
6 0.465539 0.526962 0.008296 0.013720
6 0.479685 0.522495 0.011912 0.017549
6 0.512019 0.511806 0.008509 0.015316
5 0.501170 0.570198 0.004680 0.009572
0 0.459796 0.563497 0.019358 0.089343
0 0.481706 0.564135 0.028292 0.100191
0 0.493618 0.574186 0.011700 0.059030
0 0.511806 0.559828 0.025952 0.107530
0 0.487343 0.432833 0.011912 0.059030
0 0.477664 0.431717 0.011700 0.059349
0 0.473091 0.432993 0.016592 0.058073