6 0.004642 0.589607 0.009011 0.033552
2 0.004711 0.594824 0.007236 0.021072
6 0.016111 0.639014 0.016384 0.027619
6 0.048539 0.591551 0.017340 0.030892
6 0.296832 0.623056 0.030857 0.048895
6 0.580079 0.533654 0.015975 0.022709
2 0.576188 0.533552 0.007100 0.018003
6 0.559121 0.511252 0.010377 0.020458
2 0.560076 0.512684 0.008192 0.017594
6 0.581786 0.586948 0.017204 0.031097
1 0.043078 0.594415 0.003687 0.008388
1 0.017886 0.642185 0.003277 0.007774
5 0.029629 0.694149 0.007646 0.012275
5 0.066903 0.691387 0.006827 0.011252
5 0.595713 0.666530 0.005188 0.015139
5 0.546901 0.665917 0.009694 0.012275
5 0.571614 0.542553 0.007510 0.011457
5 0.557004 0.566796 0.004779 0.007979
3 0.315811 0.631547 0.009285 0.023732
3 0.906062 0.813011 0.106499 0.177987
0 0.580011 0.575389 0.029219 0.112725
0 0.557414 0.557897 0.022529 0.121113
0 0.015360 0.701923 0.030448 0.152619
0 0.005735 0.615998 0.011196 0.087561
0 0.279151 0.753785 0.106909 0.311579
0 0.571136 0.665200 0.058438 0.178601
0 0.398758 0.529460 0.028263 0.074468
6 0.404219 0.502762 0.010513 0.021890
2 0.405994 0.504808 0.006690 0.016980
5 0.401010 0.541121 0.006281 0.011457
0 0.048129 0.678089 0.047652 0.206424