6 0.210250 0.148400 0.219000 0.224400
2 0.201250 0.188700 0.151000 0.143000
6 0.454500 0.227500 0.339500 0.437400
6 0.848500 0.120800 0.303000 0.241600
2 0.855250 0.129300 0.289500 0.223000
5 0.163750 0.799500 0.327500 0.168200
5 0.265375 0.674400 0.172250 0.223200
5 0.556875 0.706300 0.181750 0.229400
5 0.695625 0.659600 0.162250 0.119200
5 0.815000 0.653700 0.272500 0.140200
5 0.027000 0.538700 0.054000 0.095400
0 0.807875 0.433500 0.384250 0.867000
0 0.198375 0.153900 0.243250 0.224200
0 0.509625 0.410000 0.736750 0.798800