6 0.224833 0.230500 0.128667 0.244500
2 0.247000 0.257000 0.085000 0.191500
6 0.560583 0.210500 0.082833 0.166000
2 0.550167 0.231000 0.061000 0.126500
6 0.701333 0.291625 0.123667 0.215750
2 0.674167 0.323125 0.068000 0.150750
6 0.944583 0.243000 0.110833 0.325500
2 0.935083 0.296875 0.091833 0.218750
5 0.376083 0.577625 0.066167 0.063750
5 0.449167 0.454125 0.041667 0.051250
5 0.545917 0.491250 0.060833 0.042500
5 0.508083 0.543250 0.102500 0.117500
5 0.255583 0.407125 0.024167 0.061750
5 0.632500 0.508750 0.029333 0.043500
1 0.194750 0.261000 0.028833 0.054000
1 0.716833 0.336125 0.022000 0.047250
1 0.986917 0.300750 0.026167 0.089500
0 0.296333 0.554750 0.482667 0.890500
0 0.728333 0.532250 0.543333 0.933000
0 0.542583 0.313250 0.229167 0.371000
0 0.743167 0.384375 0.251000 0.424250