6 0.219369 0.465050 0.135362 0.229196
6 0.385006 0.355563 0.114123 0.220875
6 0.431843 0.516286 0.066413 0.150975
2 0.258916 0.479315 0.057854 0.183072
2 0.387383 0.389325 0.084007 0.149548
2 0.437153 0.546600 0.050087 0.086543
5 0.413536 0.805754 0.074497 0.062767
5 0.512680 0.700190 0.041369 0.050404
5 0.527263 0.703400 0.030591 0.032573
5 0.346489 0.916310 0.097955 0.085117
5 0.414091 0.759867 0.077508 0.037565
1 0.344191 0.355682 0.015692 0.046125
1 0.209066 0.491441 0.030116 0.055635
1 0.405849 0.525796 0.011254 0.032573
0 0.345142 0.514028 0.216992 0.535901
0 0.225313 0.674869 0.450626 0.646933
0 0.466239 0.597955 0.136472 0.300048