6 0.129583 0.466375 0.179167 0.186250
6 0.293667 0.364625 0.138667 0.226750
2 0.322750 0.410125 0.079833 0.134250
6 0.591583 0.278375 0.081833 0.188250
2 0.592917 0.294000 0.067167 0.157000
6 0.834500 0.791125 0.236000 0.417750
5 0.523833 0.394625 0.063333 0.045750
5 0.559500 0.433875 0.063333 0.091750
5 0.601750 0.449750 0.059500 0.104500
5 0.645667 0.432125 0.065000 0.079750
1 0.134167 0.474375 0.031333 0.038750
1 0.270917 0.423750 0.024167 0.032000
0 0.379250 0.547125 0.351833 0.642750
0 0.785750 0.698125 0.428500 0.603750
0 0.598917 0.427125 0.174167 0.483250
0 0.295417 0.686750 0.590500 0.626500
0 0.806583 0.573875 0.386833 0.364750