6 0.286375 0.380833 0.267750 0.236667
6 0.499625 0.302083 0.173250 0.174833
6 0.658875 0.327083 0.144250 0.122167
6 0.797625 0.333750 0.102250 0.106500
6 0.929500 0.326500 0.098500 0.089667
2 0.321875 0.385667 0.191250 0.187667
2 0.501375 0.315833 0.152250 0.138667
2 0.669750 0.338500 0.115500 0.111333
2 0.800750 0.344917 0.091000 0.081833
2 0.933625 0.329667 0.087250 0.080667
1 0.604875 0.348500 0.022250 0.031000
5 0.511625 0.666917 0.123250 0.077500
5 0.250250 0.752750 0.115500 0.054500
5 0.792000 0.525333 0.053500 0.037667
5 0.896750 0.503667 0.103000 0.040000
0 0.310750 0.623333 0.608000 0.753333
0 0.830375 0.613667 0.246750 0.678667
0 0.552250 0.594333 0.344000 0.768000
0 0.726500 0.619667 0.305500 0.739000
0 0.935000 0.623083 0.130000 0.718500