2 0.222640 0.382564 0.064112 0.063022
2 0.384798 0.377382 0.072377 0.065028
2 0.591034 0.367436 0.064112 0.064527
2 0.797771 0.381561 0.070874 0.063022
6 0.797395 0.372618 0.087653 0.081578
6 0.581643 0.359244 0.087403 0.081244
6 0.387052 0.371113 0.081392 0.078903
6 0.221513 0.374875 0.083396 0.079071
5 0.229276 0.544634 0.072878 0.025744
5 0.208114 0.515881 0.073629 0.042126
5 0.340095 0.591190 0.053093 0.037947
5 0.342600 0.548061 0.079639 0.060013
5 0.629977 0.506854 0.046331 0.049482
5 0.646006 0.472083 0.045329 0.037111
5 0.749311 0.552742 0.064613 0.033266
5 0.860381 0.535356 0.078888 0.063022
1 0.424493 0.374290 0.009517 0.025075
0 0.608189 0.599549 0.203105 0.559178
0 0.790383 0.605400 0.234911 0.562187
0 0.208365 0.592946 0.203857 0.513206