2 0.317625 0.326750 0.115250 0.090500
6 0.310250 0.302833 0.133000 0.139000
2 0.531000 0.288667 0.091000 0.092667
6 0.533875 0.268500 0.131750 0.135667
2 0.679750 0.641500 0.092500 0.131000
6 0.725250 0.622167 0.200500 0.170667
5 0.183375 0.681083 0.071750 0.081833
5 0.385625 0.621917 0.047250 0.070833
5 0.376625 0.511167 0.083250 0.046667
5 0.556000 0.537250 0.110500 0.054167
5 0.507750 0.859583 0.105500 0.061833
5 0.820750 0.687167 0.076000 0.113000
1 0.253875 0.310833 0.020250 0.026000
0 0.249625 0.502917 0.363250 0.546500
0 0.659625 0.738333 0.499750 0.386667
0 0.535375 0.520667 0.404750 0.634667