2 0.413938 0.307334 0.091719 0.091799
2 0.239889 0.245145 0.100867 0.086503
2 0.697400 0.231103 0.106885 0.063553
6 0.701252 0.196678 0.132884 0.135291
6 0.411772 0.292248 0.113385 0.124860
6 0.230621 0.225887 0.120847 0.128551
1 0.180429 0.233831 0.022388 0.032098
1 0.365672 0.308137 0.019740 0.028888
1 0.464011 0.301878 0.008907 0.029209
1 0.755657 0.209758 0.017814 0.024715
5 0.444632 0.429626 0.084256 0.042048
5 0.444632 0.455465 0.122773 0.025036
5 0.856163 0.559541 0.088349 0.062751
5 0.277564 0.572220 0.040924 0.073664
0 0.426577 0.462446 0.282138 0.466538
0 0.267573 0.430669 0.475445 0.532980
0 0.657800 0.415182 0.549591 0.593163