2 0.588700 0.328894 0.072108 0.118644
2 0.399821 0.482109 0.052735 0.103847
2 0.800717 0.483051 0.028341 0.118644
2 0.200897 0.466102 0.068879 0.175679
6 0.398655 0.462873 0.071211 0.152004
6 0.598565 0.303605 0.113722 0.174065
6 0.859283 0.465295 0.142601 0.223567
6 0.166278 0.411757 0.157489 0.285445
1 0.628610 0.302260 0.017040 0.048695
1 0.368610 0.469734 0.011480 0.037665
1 0.427444 0.469734 0.008969 0.040355
1 0.151480 0.449153 0.025291 0.064299
5 0.728072 0.731638 0.057040 0.068066
5 0.932377 0.875437 0.114081 0.111380
5 0.457399 0.585284 0.045202 0.070218
5 0.416143 0.800511 0.086457 0.077751
0 0.386726 0.534436 0.229238 0.285445
0 0.577937 0.476460 0.299910 0.532150
0 0.231749 0.627926 0.463498 0.726392
0 0.845381 0.645682 0.309238 0.599946