6 0.233159 0.700661 0.038174 0.033558
6 0.275543 0.700412 0.035367 0.035055
2 0.278069 0.710516 0.023204 0.016093
2 0.230632 0.709019 0.023765 0.019087
1 0.218189 0.702782 0.006737 0.009356
1 0.290045 0.703406 0.004117 0.007360
5 0.341317 0.771145 0.013099 0.020085
5 0.267028 0.745447 0.018338 0.017091
5 0.240550 0.751809 0.016280 0.012849
0 0.301927 0.766030 0.103481 0.165793
0 0.226235 0.769024 0.089820 0.179017
7 0.293039 0.741330 0.072979 0.062500
7 0.224738 0.740207 0.063997 0.067490
4 0.233252 0.696482 0.038361 0.022705
4 0.273671 0.695734 0.036864 0.020210