6 0.722920 0.531989 0.081720 0.131737
2 0.712279 0.535613 0.056608 0.120706
6 0.601617 0.302238 0.060864 0.115348
2 0.599489 0.309959 0.054480 0.101796
6 0.830496 0.248818 0.077250 0.132052
2 0.828581 0.260637 0.074271 0.106524
1 0.860077 0.262055 0.013833 0.035613
5 0.528623 0.747085 0.034050 0.084778
5 0.710683 0.762528 0.047031 0.030570
5 0.875612 0.691617 0.070015 0.090451
5 0.249096 0.305862 0.057672 0.115033
5 0.223345 0.248661 0.036816 0.029625
0 0.850074 0.589505 0.248776 0.820990
0 0.652266 0.729751 0.316663 0.527892
0 0.599808 0.553735 0.189615 0.624015
0 0.138540 0.500158 0.276655 0.999685