2 0.316071 0.155025 0.083000 0.154918
6 0.316929 0.131991 0.107000 0.197986
2 0.411571 0.416435 0.080857 0.154060
6 0.413214 0.390615 0.090143 0.207842
2 0.567857 0.306407 0.083429 0.142276
6 0.571643 0.272873 0.100714 0.204200
2 0.696000 0.425862 0.095429 0.153203
6 0.710571 0.361046 0.161143 0.278123
1 0.270571 0.127705 0.012571 0.055282
1 0.453429 0.390615 0.010571 0.049711
1 0.613429 0.293979 0.007429 0.026570
1 0.754286 0.393615 0.021429 0.044997
5 0.256286 0.660274 0.066286 0.082923
5 0.755643 0.798693 0.108143 0.102636
5 0.562000 0.692093 0.076571 0.100279
5 0.538357 0.688022 0.031571 0.109278
0 0.739857 0.532891 0.433143 0.624813
0 0.218929 0.373045 0.321286 0.704950
0 0.578357 0.424577 0.159571 0.505035
0 0.437286 0.464003 0.252286 0.427469