6 0.126016 0.406441 0.021850 0.039253
6 0.538237 0.472752 0.021596 0.046875
2 0.536331 0.484756 0.013211 0.021341
1 0.544842 0.476562 0.004319 0.011052
6 0.720910 0.549162 0.020071 0.041159
6 0.626397 0.558117 0.029726 0.045351
3 0.526296 0.568026 0.007368 0.020198
3 0.652820 0.606326 0.028201 0.044207
4 0.125889 0.397485 0.021596 0.025915
4 0.538364 0.465701 0.025407 0.033537
4 0.068471 0.583460 0.019055 0.025152
0 0.666667 0.585556 0.113313 0.165015
0 0.542048 0.550877 0.043953 0.203887
0 0.122078 0.517530 0.061230 0.266768
0 0.038237 0.547066 0.027693 0.054497