6 0.150311 0.390414 0.027838 0.048599
6 0.569150 0.407280 0.018940 0.039642
5 0.561650 0.437869 0.011059 0.019630
5 0.527393 0.474366 0.013728 0.016390
3 0.109000 0.507433 0.030126 0.049743
3 0.173764 0.517439 0.013474 0.056032
3 0.414389 0.634172 0.022626 0.050886
3 0.439875 0.654088 0.017415 0.056413
3 0.795221 0.632552 0.032541 0.037736
3 0.811555 0.622260 0.019703 0.043835
0 0.138426 0.510482 0.088725 0.303602
0 0.426592 0.613017 0.101182 0.225081
0 0.557392 0.507338 0.073217 0.240900
0 0.807169 0.595769 0.110589 0.198971