6 0.276032 0.073069 0.006013 0.009840
6 0.324679 0.451713 0.009292 0.014942
6 0.336841 0.445700 0.013392 0.017493
6 0.369910 0.432580 0.012298 0.018950
6 0.411861 0.524599 0.009292 0.017128
6 0.436595 0.459913 0.008472 0.018950
6 0.462695 0.519862 0.009292 0.018586
6 0.485788 0.561771 0.010659 0.016399
6 0.498087 0.464650 0.008472 0.016035
6 0.572424 0.456633 0.011205 0.017493
6 0.637879 0.531706 0.009292 0.016764
6 0.820716 0.480685 0.009292 0.015306
0 0.320033 0.479956 0.027876 0.073615
0 0.366767 0.472485 0.021864 0.100219
0 0.459005 0.538994 0.031429 0.059038
0 0.497540 0.582908 0.036349 0.061589
0 0.566958 0.484512 0.028150 0.076166
0 0.437141 0.485423 0.024324 0.070700
0 0.503690 0.490525 0.039355 0.069242
0 0.272615 0.086552 0.018311 0.039723
5 0.483465 0.591290 0.006559 0.009840
5 0.449850 0.558127 0.004919 0.012026
5 0.374829 0.483236 0.004646 0.009475
5 0.573244 0.481961 0.006286 0.007653
5 0.398879 0.558127 0.003006 0.008382
0 0.334108 0.461917 0.018858 0.055029
0 0.409948 0.554483 0.025143 0.073251
0 0.613829 0.506924 0.024050 0.059038
0 0.653457 0.534074 0.040448 0.051385
0 0.820716 0.518222 0.031703 0.090379