2 0.509040 0.352455 0.167634 0.166815
6 0.485714 0.333482 0.214732 0.205655
2 0.281250 0.447024 0.189732 0.187202
6 0.215960 0.411607 0.321652 0.261607
2 0.602790 0.254241 0.097991 0.094792
6 0.603125 0.245982 0.118304 0.110417
6 0.579576 0.147098 0.150223 0.149256
1 0.168750 0.452232 0.059821 0.054464
1 0.403571 0.370015 0.049107 0.043601
1 0.604129 0.165774 0.039955 0.037500
5 0.477009 0.789286 0.150446 0.089583
5 0.418304 0.731696 0.163839 0.078274
5 0.773438 0.670089 0.162946 0.081548
5 0.856362 0.634226 0.126562 0.074107
5 0.694866 0.444196 0.067411 0.048214
5 0.816071 0.397619 0.086161 0.046726
5 0.807143 0.375223 0.062500 0.036756
0 0.276674 0.643601 0.552902 0.712798
0 0.588616 0.466890 0.662500 0.471280
0 0.702344 0.312798 0.317188 0.260119
0 0.423214 0.197024 0.510714 0.257143