5 0.219196 0.773884 0.051190 0.050893
5 0.634747 0.832143 0.052530 0.038393
5 0.681771 0.988728 0.056399 0.022545
5 0.745833 0.681138 0.052679 0.047545
5 0.758557 0.678795 0.043601 0.060268
6 0.115774 0.574442 0.100298 0.152902
2 0.143899 0.586161 0.044643 0.128571
6 0.384301 0.527902 0.085268 0.172321
2 0.373512 0.558705 0.062500 0.108482
1 0.411607 0.549777 0.012500 0.025000
6 0.591443 0.615179 0.079018 0.162500
1 0.559598 0.629018 0.014732 0.039732
2 0.598735 0.629353 0.064435 0.132812
6 0.825521 0.622879 0.105506 0.182813
0 0.130655 0.646540 0.228274 0.379241
0 0.841071 0.763504 0.253571 0.472991
0 0.608259 0.767188 0.265030 0.465625
0 0.387946 0.635603 0.217857 0.418527