6 0.317708 0.147859 0.095703 0.228009
2 0.320231 0.174913 0.070475 0.172743
6 0.523275 0.240451 0.086914 0.221065
2 0.520020 0.270255 0.069661 0.160301
6 0.621012 0.257089 0.096842 0.236979
2 0.615967 0.286169 0.077962 0.179977
6 0.445475 0.503762 0.097982 0.240741
2 0.440837 0.541088 0.077311 0.163773
5 0.653158 0.660590 0.090495 0.089699
5 0.526286 0.897135 0.065592 0.081308
5 0.193929 0.848524 0.055501 0.128762
5 0.377848 0.631510 0.046712 0.046586
1 0.277507 0.167824 0.014648 0.048611
1 0.357747 0.167390 0.005208 0.026910
1 0.558838 0.256655 0.014811 0.053241
1 0.659831 0.270399 0.011719 0.029225
1 0.485758 0.532841 0.013835 0.050058
0 0.535563 0.378617 0.168783 0.505498
0 0.657064 0.540220 0.331055 0.806134
0 0.440267 0.626591 0.214844 0.502604
0 0.274007 0.485098 0.263184 0.920428