6 0.483202 0.406515 0.096971 0.077367
2 0.459277 0.411520 0.049122 0.066339
6 0.951133 0.459196 0.022398 0.019851
6 0.907610 0.441127 0.029015 0.023753
6 0.800331 0.450288 0.027233 0.021717
6 0.768389 0.441890 0.019343 0.019172
6 0.818147 0.443672 0.014508 0.014591
5 0.445915 0.460553 0.047849 0.035799
1 0.492237 0.409739 0.016289 0.020699
0 0.523034 0.630556 0.202596 0.523414
0 0.955841 0.512810 0.048104 0.129793
0 0.910283 0.511452 0.087300 0.163726
0 0.801476 0.509925 0.078391 0.139634
0 0.760244 0.483543 0.049376 0.103834