2 0.191435 0.363151 0.060648 0.053906
6 0.171991 0.349609 0.102315 0.084635
2 0.533565 0.452083 0.064352 0.047396
6 0.559259 0.445964 0.120370 0.065365
2 0.828241 0.465234 0.057407 0.048698
6 0.845833 0.457943 0.093519 0.064323
6 0.981713 0.420573 0.036574 0.098958
1 0.574769 0.463672 0.019907 0.017969
1 0.155324 0.360677 0.018056 0.017708
5 0.240509 0.483854 0.060648 0.029167
5 0.500463 0.564974 0.049074 0.036198
5 0.559028 0.564714 0.050463 0.024740
0 0.201157 0.539844 0.300463 0.479687
0 0.562500 0.608464 0.289815 0.389844
0 0.824537 0.601823 0.260185 0.355729