6 0.742083 0.450625 0.040833 0.079750
6 0.102833 0.423375 0.098000 0.190750
2 0.107167 0.443250 0.080000 0.147500
6 0.206333 0.488125 0.068000 0.146250
2 0.208250 0.503125 0.056167 0.115250
6 0.391250 0.440875 0.101167 0.191250
2 0.375333 0.467500 0.070667 0.138000
5 0.093667 0.656875 0.040667 0.109250
5 0.335583 0.679875 0.053167 0.084750
5 0.326583 0.542625 0.030833 0.075750
1 0.061667 0.420000 0.015000 0.047000
1 0.234167 0.517000 0.007000 0.018000
1 0.411167 0.447125 0.017667 0.047750
0 0.124833 0.661375 0.249333 0.677250
0 0.222833 0.553625 0.164667 0.299750
0 0.417417 0.651250 0.224167 0.697500
0 0.776750 0.675250 0.141833 0.529000