6 0.663583 0.367750 0.008500 0.013000
6 0.730000 0.232125 0.008000 0.019750
6 0.535500 0.618375 0.010000 0.021250
6 0.375750 0.554625 0.006833 0.012750
2 0.536417 0.623000 0.005833 0.010000
2 0.665833 0.369625 0.004333 0.008750
2 0.729417 0.237125 0.005167 0.006750
2 0.376167 0.557000 0.005667 0.007500
0 0.670917 0.678000 0.025167 0.076500
0 0.659083 0.606125 0.031833 0.040750
0 0.530333 0.640500 0.027000 0.069500
0 0.486417 0.512750 0.022167 0.055500
0 0.377417 0.570250 0.015833 0.037000
0 0.284667 0.666875 0.024000 0.034250
0 0.666750 0.385250 0.024167 0.047500
0 0.730250 0.248500 0.015167 0.055000