2 0.128655 0.110746 0.042032 0.091009
2 0.371985 0.201069 0.042946 0.082511
2 0.053911 0.183799 0.037281 0.080318
6 0.123355 0.101562 0.054459 0.109375
6 0.364309 0.179962 0.058297 0.122533
6 0.360015 0.332785 0.064327 0.106360
6 0.048611 0.158991 0.096857 0.129934
1 0.030793 0.159677 0.015168 0.039200
3 0.456506 0.710252 0.081871 0.113487
3 0.439419 0.196135 0.077303 0.121985
0 0.116594 0.448739 0.132310 0.800439
0 0.286732 0.551124 0.297515 0.571546
0 0.055007 0.518503 0.105629 0.846765
0 0.340186 0.322505 0.170139 0.407072
0 0.590552 0.562226 0.386513 0.875548
0 0.287281 0.510828 0.293129 0.538103