6 0.472000 0.209500 0.062000 0.129000
2 0.472500 0.228750 0.047000 0.086500
6 0.140167 0.554500 0.010333 0.020000
2 0.139833 0.558250 0.008333 0.010500
6 0.875500 0.375500 0.005000 0.005000
6 0.910167 0.436000 0.006333 0.008000
6 0.915667 0.383750 0.004667 0.007500
1 0.447333 0.223000 0.008000 0.031000
1 0.497333 0.222750 0.003333 0.031500
5 0.399667 0.577750 0.024000 0.045500
5 0.617667 0.496250 0.029333 0.046500
0 0.510667 0.542250 0.246000 0.818500
0 0.143167 0.574250 0.026333 0.064500
0 0.908167 0.452750 0.014333 0.039500
0 0.915500 0.399000 0.011667 0.039000
0 0.931000 0.409750 0.011333 0.014500
0 0.876500 0.384000 0.007667 0.023000