6 0.570084 0.206982 0.108438 0.224634
6 0.606869 0.450183 0.145049 0.242416
6 0.337953 0.354472 0.076185 0.154550
6 0.243201 0.364540 0.065900 0.126569
2 0.547594 0.245554 0.061018 0.137552
2 0.557096 0.469796 0.044805 0.193776
2 0.324616 0.380492 0.044282 0.098849
2 0.247821 0.376569 0.043410 0.087343
1 0.351116 0.362317 0.014993 0.035826
1 0.220973 0.374738 0.013773 0.029289
1 0.582374 0.489932 0.020397 0.050471
5 0.506276 0.689200 0.054045 0.065638
5 0.300384 0.448614 0.041492 0.063023
0 0.705457 0.661219 0.342573 0.677563
0 0.252179 0.454629 0.136506 0.297856
0 0.379533 0.502484 0.202232 0.427040
0 0.608612 0.426909 0.255927 0.686977