2 0.514250 0.486750 0.049167 0.084000
6 0.525250 0.456875 0.071167 0.144750
2 0.823667 0.291375 0.052333 0.112750
6 0.837250 0.270750 0.081500 0.157500
1 0.542500 0.472250 0.012333 0.032000
1 0.856750 0.260500 0.014833 0.036500
3 0.435583 0.737500 0.084833 0.099000
3 0.332917 0.634875 0.076833 0.065250
5 0.853750 0.515875 0.079500 0.069750
5 0.776583 0.524625 0.022167 0.055250
4 0.522250 0.420250 0.091167 0.071500
4 0.833667 0.236375 0.106667 0.102750
0 0.488000 0.691375 0.384667 0.617250
0 0.878750 0.593000 0.228167 0.814000