6 0.164866 0.488100 0.111311 0.109800
6 0.529853 0.457200 0.106211 0.115600
6 0.736874 0.688500 0.139214 0.093000
2 0.529553 0.488700 0.085809 0.052600
2 0.174617 0.506000 0.093009 0.073200
2 0.693369 0.688400 0.054005 0.092000
1 0.727573 0.719300 0.019802 0.020600
1 0.121962 0.496700 0.025503 0.022600
3 0.125263 0.761800 0.092709 0.064000
3 0.294179 0.673700 0.046505 0.061400
3 0.472397 0.646100 0.081308 0.055000
3 0.515602 0.627000 0.098110 0.044400
3 0.568857 0.794000 0.070807 0.065600
3 0.605911 0.773900 0.091509 0.049800
0 0.163066 0.716300 0.310531 0.567400
0 0.697720 0.821800 0.330933 0.356400
0 0.521752 0.663700 0.321632 0.527800