2 0.633097 0.594294 0.119478 0.099176
6 0.653239 0.560421 0.160220 0.171803
2 0.281071 0.688511 0.095216 0.114892
6 0.233463 0.681263 0.190890 0.130607
0 0.655985 0.713610 0.480659 0.478792
0 0.244678 0.780516 0.443122 0.336131
1 0.697757 0.575679 0.028153 0.038145
5 0.420691 0.925313 0.091096 0.048978
5 0.308766 0.779295 0.122683 0.077357
5 0.578279 0.831019 0.061570 0.046536
6 0.520027 0.572475 0.115816 0.093378
6 0.353399 0.565838 0.148775 0.125877
6 0.118105 0.627327 0.113069 0.094446
2 0.511444 0.593912 0.078508 0.050504
2 0.329137 0.581019 0.080110 0.051572
0 0.575074 0.619622 0.225910 0.184010
0 0.376974 0.612527 0.184482 0.186909