6 0.096898 0.267509 0.021681 0.031766
6 0.515177 0.224362 0.189126 0.208104
2 0.503836 0.273637 0.139093 0.106553
1 0.590727 0.242496 0.032688 0.053777
1 0.430620 0.248624 0.018012 0.031016
5 0.341394 0.843297 0.077051 0.116308
5 0.680620 0.846298 0.080387 0.110805
7 0.097565 0.322536 0.059706 0.076788
7 0.039360 0.392446 0.028019 0.074037
7 0.527185 0.592921 0.332555 0.486493
4 0.502335 0.173587 0.220814 0.108554
4 0.020847 0.332166 0.029686 0.026513
4 0.097231 0.261131 0.033689 0.022511
7 0.280354 0.398824 0.057038 0.084792
0 0.542195 0.560030 0.518012 0.879940
0 0.096898 0.347799 0.061708 0.202851
0 0.321881 0.328789 0.023349 0.089295