6 0.585000 0.280083 0.118000 0.125500
6 0.788625 0.449583 0.157250 0.113167
6 0.306750 0.474667 0.138000 0.116333
2 0.583250 0.300083 0.102500 0.086833
2 0.746500 0.466250 0.068500 0.059500
2 0.298000 0.502333 0.108500 0.051667
1 0.533000 0.269500 0.014500 0.027667
5 0.672500 0.593000 0.068000 0.042667
5 0.672000 0.632167 0.118000 0.038333
5 0.561875 0.595500 0.073250 0.054667
5 0.311125 0.622417 0.044250 0.033500
5 0.276375 0.631167 0.072750 0.031667
0 0.519000 0.544000 0.300000 0.660667
0 0.803000 0.661500 0.328000 0.573333
0 0.239375 0.696500 0.331250 0.585333