2 0.255208 0.363571 0.069661 0.139757
6 0.247477 0.323929 0.101074 0.225405
2 0.425049 0.358073 0.069499 0.144387
6 0.425293 0.321904 0.080078 0.217882
2 0.712484 0.286458 0.082194 0.174769
6 0.716715 0.256800 0.098470 0.235822
2 0.794840 0.360098 0.074056 0.192419
6 0.823812 0.319444 0.132975 0.271991
1 0.754801 0.275463 0.012533 0.054398
1 0.462402 0.327257 0.009115 0.046875
1 0.213867 0.334057 0.016276 0.048900
5 0.225667 0.659288 0.059733 0.083044
5 0.604655 0.706453 0.092122 0.077257
5 0.639079 0.680411 0.042806 0.029225
5 0.669189 0.649161 0.069173 0.063947
5 0.573975 0.628762 0.049316 0.078125
0 0.202148 0.458044 0.249023 0.500000
0 0.683919 0.404225 0.273438 0.533565
0 0.429525 0.426505 0.207357 0.425347
0 0.771403 0.589410 0.427246 0.811921