6 0.752792 0.691709 0.022843 0.039255
6 0.880076 0.674619 0.022081 0.029442
6 0.242513 0.702538 0.021066 0.034518
5 0.706218 0.769712 0.006345 0.015228
5 0.860279 0.763283 0.010406 0.019289
5 0.798858 0.783418 0.012944 0.010829
7 0.220685 0.740609 0.051015 0.069374
7 0.748477 0.756853 0.066497 0.084941
7 0.884898 0.724873 0.040355 0.064298
4 0.242640 0.701523 0.019797 0.027073
4 0.752665 0.685279 0.023604 0.019628
4 0.880457 0.671404 0.020305 0.020305
0 0.744924 0.791540 0.090355 0.244332
0 0.888325 0.756345 0.065990 0.201692
0 0.223096 0.726904 0.057360 0.096785