6 0.136749 0.390364 0.126733 0.176572
2 0.181337 0.412147 0.037558 0.130698
6 0.443567 0.256347 0.076271 0.158396
2 0.440678 0.275534 0.062404 0.121177
6 0.746822 0.286642 0.078390 0.164166
2 0.736903 0.305972 0.057781 0.124928
6 0.606992 0.732977 0.165447 0.260531
5 0.473035 0.765147 0.053544 0.107905
5 0.284187 0.634882 0.057589 0.060877
5 0.296032 0.728650 0.072804 0.066070
5 0.428159 0.566070 0.040832 0.051356
5 0.445108 0.349683 0.052003 0.084247
5 0.785728 0.566792 0.046032 0.053376
5 0.692893 0.564051 0.051040 0.060589
1 0.474961 0.267311 0.009245 0.044720
0 0.598035 0.801356 0.305855 0.397288
0 0.728236 0.399596 0.271957 0.390652
0 0.172092 0.643826 0.320686 0.681766
0 0.439426 0.383583 0.178929 0.416330