6 0.418000 0.552625 0.042667 0.087750
6 0.523167 0.539750 0.041000 0.082500
6 0.764833 0.772375 0.046667 0.077250
2 0.420583 0.573375 0.035167 0.044250
2 0.521750 0.558250 0.033833 0.045500
1 0.400417 0.552125 0.008167 0.018750
1 0.505250 0.530625 0.003833 0.017750
1 0.539667 0.540500 0.005667 0.015000
5 0.721167 0.773875 0.020667 0.029750
3 0.360833 0.703750 0.025000 0.039500
3 0.503417 0.660125 0.034167 0.048750
3 0.537833 0.654875 0.028667 0.042750
0 0.518167 0.653250 0.126333 0.304000
0 0.400417 0.684625 0.121167 0.352250
0 0.733833 0.861875 0.135333 0.276250