6 0.238865 0.585951 0.086732 0.072668
6 0.421824 0.571105 0.074777 0.079231
6 0.619081 0.577278 0.081106 0.074699
6 0.740975 0.607204 0.100797 0.078606
1 0.215073 0.595327 0.017581 0.018597
1 0.391585 0.576887 0.014768 0.015159
1 0.580638 0.576653 0.003282 0.012502
1 0.651664 0.586576 0.013596 0.018284
1 0.765120 0.614471 0.016878 0.022504
5 0.285631 0.682763 0.043835 0.032818
5 0.330052 0.688858 0.045476 0.035005
5 0.643226 0.665573 0.037506 0.038131
5 0.617089 0.662760 0.031646 0.037506
5 0.748945 0.695968 0.045007 0.025785
5 0.725270 0.690811 0.036099 0.022660
0 0.803329 0.672761 0.226910 0.265667
0 0.234294 0.660025 0.238865 0.253321
0 0.618026 0.612830 0.230895 0.146742
0 0.416081 0.614862 0.168308 0.177684