0 0.325893 0.682504 0.160589 0.616516
0 0.518863 0.555713 0.108903 0.400264
0 0.534142 0.393100 0.024271 0.067496
0 0.552503 0.397530 0.019240 0.075980
0 0.585827 0.483597 0.067530 0.286576
0 0.649648 0.424679 0.020624 0.149510
0 0.669203 0.400830 0.014210 0.069759
0 0.692970 0.401018 0.005910 0.018477
0 0.388519 0.592949 0.049925 0.217949
5 0.321869 0.678639 0.032822 0.049208
5 0.256036 0.682032 0.020624 0.057504
5 0.377955 0.559672 0.013707 0.026207
5 0.504024 0.484823 0.024396 0.025830
5 0.556904 0.519042 0.018989 0.023002
5 0.601798 0.492459 0.010438 0.023756
5 0.543763 0.417704 0.003773 0.006222
5 0.639525 0.431938 0.008426 0.014329
5 0.652666 0.435992 0.005785 0.014517
5 0.663670 0.403752 0.002389 0.004713
1 0.324195 0.427508 0.010563 0.022059
1 0.382482 0.528375 0.007420 0.017534
1 0.511507 0.392063 0.006162 0.014894
1 0.531502 0.368213 0.002641 0.005279
1 0.596391 0.370569 0.003395 0.010747
1 0.638644 0.360860 0.002389 0.007164
6 0.310425 0.418929 0.052188 0.084087
2 0.302628 0.429299 0.037349 0.064857
6 0.393297 0.520268 0.040367 0.073341
2 0.399459 0.536105 0.027037 0.042044
6 0.501572 0.385370 0.031564 0.060709
2 0.497548 0.395362 0.022762 0.038839
6 0.534331 0.366704 0.009809 0.015083
2 0.536092 0.367647 0.005533 0.012443
6 0.548101 0.367647 0.007671 0.015460
2 0.548478 0.369061 0.005910 0.012255
6 0.587148 0.366516 0.023390 0.039970
2 0.585953 0.371418 0.016977 0.029035
6 0.633363 0.357466 0.014713 0.027903
2 0.631916 0.360577 0.011318 0.022436
6 0.646190 0.361802 0.010941 0.021870
2 0.646190 0.364913 0.009683 0.017157
6 0.671026 0.372078 0.005030 0.009992
2 0.670586 0.373115 0.003395 0.007164
6 0.681778 0.393288 0.003647 0.006033
6 0.687311 0.395173 0.003395 0.006410
6 0.693285 0.395551 0.004024 0.007164
6 0.698566 0.396116 0.003521 0.008296
0 0.700075 0.402809 0.008048 0.024698
0 0.681527 0.410822 0.009432 0.041855