5 0.199263 0.306504 0.037728 0.048455
5 0.413920 0.264228 0.026886 0.042602
5 0.633348 0.529919 0.030789 0.062764
5 0.401453 0.518049 0.039679 0.040976
5 0.657632 0.389919 0.034258 0.040325
5 0.690265 0.401789 0.029271 0.041301
5 0.742736 0.470569 0.029705 0.035772
5 0.474848 0.380976 0.009974 0.028293
0 0.263985 0.496260 0.215308 0.476748
0 0.396466 0.444228 0.145056 0.457886
0 0.616435 0.466829 0.119688 0.468618
0 0.738075 0.474797 0.142238 0.433821
6 0.520815 0.331382 0.083695 0.135935
6 0.595729 0.284553 0.041847 0.089106
2 0.595945 0.293333 0.034042 0.069593
1 0.577732 0.284228 0.002819 0.013659
6 0.752927 0.298211 0.053990 0.080000
2 0.740785 0.303577 0.029271 0.069268
1 0.759540 0.310407 0.009974 0.019837
6 0.221596 0.296423 0.052905 0.078374
2 0.234822 0.304228 0.026453 0.063415
6 0.402754 0.278699 0.035343 0.074797
2 0.399827 0.285854 0.029055 0.060488
1 0.416631 0.284390 0.004553 0.012033
0 0.514961 0.601138 0.267997 0.672195