6 0.686235 0.425335 0.072768 0.110938
2 0.673140 0.459598 0.034375 0.043304
6 0.251711 0.300893 0.050149 0.087946
2 0.256399 0.320982 0.027083 0.047321
6 0.324926 0.418638 0.042411 0.073437
1 0.251265 0.299554 0.008780 0.021429
1 0.692783 0.458371 0.008185 0.013616
5 0.262500 0.513058 0.018452 0.032813
5 0.242411 0.506027 0.010714 0.010268
5 0.653051 0.638393 0.037649 0.038393
5 0.666890 0.642299 0.045387 0.051116
0 0.334524 0.568415 0.125298 0.373438
0 0.199554 0.524888 0.162202 0.535491
0 0.655804 0.671205 0.205357 0.604464