2 0.478331 0.381050 0.058427 0.111486
6 0.473756 0.367325 0.068539 0.137491
2 0.758266 0.510474 0.067737 0.119913
6 0.786918 0.476162 0.126645 0.186612
6 0.339085 0.463159 0.113483 0.205875
6 0.332022 0.347700 0.083307 0.107392
1 0.445827 0.376716 0.009149 0.032988
1 0.799278 0.526728 0.022632 0.040693
1 0.373676 0.501324 0.016051 0.047676
5 0.538764 0.388033 0.043178 0.109559
5 0.568700 0.428245 0.062600 0.106670
5 0.558186 0.534313 0.033226 0.125692
5 0.489727 0.652661 0.043981 0.081628
5 0.400161 0.428726 0.018299 0.062846
5 0.672231 0.842764 0.068058 0.075608
5 0.422472 0.879485 0.066132 0.088370
0 0.369502 0.679027 0.453291 0.641946
0 0.471348 0.628341 0.176083 0.718276
0 0.320626 0.459668 0.178010 0.330364
0 0.739165 0.692271 0.391011 0.615459