6 0.716548 0.446319 0.054174 0.045194
2 0.716696 0.452339 0.040853 0.033156
6 0.377442 0.376159 0.088810 0.083284
2 0.370337 0.388494 0.073416 0.058220
1 0.739935 0.454411 0.006217 0.012433
1 0.694494 0.456878 0.009473 0.010657
1 0.412522 0.392244 0.015690 0.012828
3 0.225429 0.387705 0.064831 0.046379
3 0.479870 0.656404 0.060391 0.065522
3 0.797513 0.580718 0.033748 0.040458
3 0.695826 0.599763 0.041149 0.040261
0 0.368857 0.637261 0.387211 0.606276
0 0.777975 0.590093 0.242155 0.335899
4 0.374926 0.357904 0.103316 0.047168
4 0.699970 0.624137 0.077857 0.040853