6 0.484750 0.622500 0.080000 0.064667
6 0.631125 0.440750 0.062250 0.062167
6 0.841375 0.500917 0.077250 0.063167
2 0.639125 0.450833 0.046250 0.043333
2 0.834375 0.520667 0.051250 0.025333
2 0.514375 0.625583 0.021250 0.045833
1 0.500250 0.645333 0.010000 0.013333
1 0.608250 0.449000 0.014500 0.013000
5 0.635250 0.579417 0.045500 0.032500
5 0.803750 0.625917 0.034500 0.027167
5 0.788875 0.603667 0.033250 0.019000
5 0.538625 0.779417 0.031750 0.027500
3 0.670375 0.577750 0.031750 0.045167
3 0.494750 0.577917 0.020000 0.021500
3 0.492625 0.589417 0.045750 0.028167
0 0.631125 0.577750 0.196750 0.335167
0 0.493000 0.734333 0.179000 0.334000
0 0.859625 0.645333 0.176750 0.354333