6 0.915022 0.732182 0.016447 0.013706
2 0.915433 0.734284 0.013980 0.010234
6 0.828947 0.739949 0.013158 0.014985
2 0.829084 0.740132 0.011239 0.011330
6 0.751919 0.741685 0.011513 0.012244
2 0.752056 0.742233 0.009594 0.010417
5 0.749315 0.763889 0.005757 0.006213
5 0.844435 0.767818 0.006853 0.009320
5 0.807703 0.763889 0.005757 0.006579
5 0.894052 0.772844 0.007401 0.010965
5 0.945587 0.769554 0.008498 0.008772
0 0.826206 0.762518 0.042763 0.067069
0 0.755071 0.762975 0.031524 0.058114
0 0.919545 0.767270 0.060581 0.094115