6 0.118750 0.263000 0.096833 0.147500
2 0.142417 0.284000 0.049500 0.106500
6 0.142167 0.529125 0.120333 0.169250
2 0.176917 0.537750 0.050167 0.150500
6 0.456667 0.297375 0.076000 0.135250
2 0.477667 0.318250 0.033000 0.094500
6 0.859583 0.246500 0.105167 0.204000
5 0.216583 0.506625 0.044167 0.058750
5 0.632917 0.426250 0.040833 0.059500
1 0.146500 0.565500 0.010333 0.027500
1 0.111167 0.280875 0.016667 0.036750
1 0.457000 0.316375 0.012333 0.030750
1 0.829917 0.286375 0.015167 0.049750
0 0.142250 0.401750 0.193833 0.427500
0 0.488083 0.554750 0.331833 0.655000
0 0.175667 0.662875 0.269667 0.439750
0 0.875833 0.500875 0.248333 0.714750