2 0.630138 0.412181 0.086422 0.130402
2 0.814437 0.381350 0.101584 0.203184
2 0.329431 0.153525 0.097204 0.159970
2 0.035967 0.412307 0.068228 0.306545
6 0.635782 0.376042 0.115229 0.205711
6 0.854869 0.361638 0.187837 0.268385
6 0.330189 0.149229 0.182615 0.297953
6 0.038747 0.378191 0.077156 0.415719
1 0.679919 0.402704 0.023248 0.046247
1 0.874326 0.406242 0.026617 0.057872
5 0.529060 0.732752 0.087096 0.096790
5 0.631570 0.629517 0.119946 0.122315
5 0.680846 0.840788 0.127864 0.094011
5 0.323787 0.805914 0.094677 0.139500
5 0.373147 0.759793 0.073113 0.051807
5 0.088275 0.835481 0.106469 0.130907
5 0.208053 0.885772 0.087264 0.153652
0 0.617335 0.528810 0.278807 0.516806
0 0.126348 0.583270 0.252358 0.818297
0 0.784367 0.559136 0.431267 0.669952
0 0.228352 0.440738 0.456368 0.880970