6 0.846125 0.260030 0.171750 0.310086
6 0.443000 0.268466 0.105500 0.242220
6 0.146500 0.284589 0.115500 0.226472
2 0.156500 0.307274 0.094000 0.172103
2 0.443000 0.302962 0.095500 0.170979
2 0.843625 0.297525 0.126750 0.223097
1 0.099500 0.312148 0.015500 0.066367
1 0.493375 0.281777 0.014750 0.043870
1 0.909000 0.284214 0.026000 0.072741
5 0.587250 0.686352 0.073500 0.069366
5 0.601000 0.784027 0.138500 0.170979
5 0.159375 0.630484 0.117250 0.093363
5 0.083250 0.589989 0.075500 0.138358
0 0.131625 0.460255 0.262750 0.570304
0 0.486625 0.408699 0.278750 0.530184
0 0.771625 0.551931 0.456750 0.896138