6 0.335502 0.265893 0.150519 0.304933
6 0.196765 0.166183 0.075963 0.122395
6 0.124846 0.336719 0.052049 0.112635
2 0.359152 0.315088 0.102866 0.178053
2 0.189291 0.204959 0.049763 0.078607
2 0.119571 0.355579 0.046422 0.055922
1 0.324424 0.272751 0.027079 0.076497
5 0.111570 0.453047 0.047301 0.062516
3 0.555038 0.727249 0.130297 0.098127
4 0.345085 0.197441 0.193599 0.184912
4 0.192896 0.140596 0.082996 0.071221
4 0.123088 0.307571 0.057324 0.069111
0 0.370406 0.542469 0.497802 0.882881
0 0.181818 0.286072 0.174785 0.369032
0 0.073589 0.468610 0.147178 0.405434