6 0.354083 0.838250 0.012500 0.029000
2 0.353667 0.846000 0.008667 0.013500
6 0.817833 0.458625 0.012000 0.022750
6 0.771167 0.444500 0.012667 0.018000
2 0.768167 0.447250 0.006667 0.012500
6 0.768750 0.476250 0.011167 0.017500
6 0.669333 0.463000 0.015000 0.019500
6 0.323000 0.202625 0.009667 0.016250
6 0.361417 0.195500 0.012833 0.022000
2 0.358833 0.199500 0.006000 0.010500
6 0.290917 0.262500 0.011833 0.018500
6 0.191167 0.120875 0.009333 0.020250
2 0.192083 0.126250 0.005833 0.010000
6 0.308417 0.061000 0.010500 0.018000
2 0.310667 0.064750 0.006000 0.009500
6 0.368167 0.045750 0.008667 0.020500
2 0.369250 0.051375 0.006167 0.009250
6 0.440167 0.074625 0.009000 0.019750
6 0.542833 0.125375 0.010000 0.014250
6 0.819583 0.171625 0.010167 0.014250
7 0.353417 0.868625 0.025500 0.059250
7 0.755500 0.498750 0.028667 0.047000
7 0.769083 0.471375 0.017500 0.036750
7 0.668500 0.492500 0.019333 0.044500
7 0.195833 0.146375 0.024000 0.041750
7 0.273167 0.267125 0.025333 0.042250
7 0.324083 0.236250 0.022500 0.044500
7 0.364500 0.223500 0.018000 0.046000
7 0.308750 0.087625 0.015167 0.039750
7 0.370167 0.068875 0.018333 0.037250
7 0.442833 0.094500 0.014667 0.031000
7 0.820500 0.197875 0.020000 0.035750
4 0.542750 0.123875 0.008833 0.012250
7 0.451417 0.017750 0.017833 0.035500
7 0.553250 0.010125 0.014500 0.020250
4 0.354667 0.833125 0.014000 0.021750
4 0.361083 0.191000 0.013500 0.014500
4 0.818000 0.456125 0.012667 0.016250
4 0.771167 0.442500 0.013333 0.018000
4 0.769917 0.474125 0.009167 0.013250
4 0.819583 0.169500 0.011167 0.012500
4 0.668167 0.461625 0.013000 0.016250
4 0.191500 0.115750 0.010333 0.013000
4 0.292000 0.262000 0.010000 0.019000
4 0.308500 0.056875 0.011000 0.013250
4 0.368583 0.041500 0.010167 0.011500
4 0.439750 0.071000 0.009167 0.013500
3 0.355917 0.910500 0.006833 0.013000
3 0.338417 0.896625 0.006833 0.009750
3 0.191667 0.171500 0.005333 0.009500
3 0.209167 0.165750 0.004000 0.010000
3 0.284917 0.293625 0.005500 0.008250
3 0.361167 0.251375 0.005667 0.009750
3 0.317750 0.098500 0.004833 0.017000
5 0.317500 0.097125 0.004333 0.008750
3 0.359917 0.091750 0.004167 0.009500
3 0.381083 0.093000 0.003500 0.009500
3 0.436667 0.121250 0.006000 0.010500
3 0.545750 0.165375 0.004500 0.006250
3 0.560917 0.017250 0.005167 0.009500
3 0.686667 0.468000 0.004333 0.007000
3 0.680417 0.499375 0.005833 0.009750
5 0.809833 0.478125 0.007000 0.006250
5 0.809750 0.483625 0.005167 0.005750
0 0.356417 0.894875 0.042167 0.149750
0 0.673917 0.510875 0.029833 0.115750
0 0.754333 0.520250 0.040000 0.107500
0 0.768750 0.474750 0.019833 0.086000
0 0.818500 0.482875 0.023333 0.073750
0 0.273917 0.279875 0.046167 0.073750
0 0.322417 0.253125 0.032833 0.115750
0 0.364167 0.241500 0.020333 0.116000
0 0.553000 0.159500 0.030667 0.087000
0 0.441667 0.114250 0.019000 0.103500
0 0.451000 0.031375 0.018333 0.062750
0 0.554750 0.031375 0.018500 0.062750
0 0.370583 0.087625 0.025167 0.108750
0 0.310667 0.098875 0.019667 0.099250
0 0.197583 0.160625 0.027833 0.103250
0 0.817250 0.193750 0.035833 0.064000