6 0.327247 0.420052 0.084054 0.087871
2 0.334918 0.437914 0.064391 0.052146
6 0.465860 0.486459 0.093345 0.085278
2 0.460026 0.511884 0.037597 0.032700
5 0.256482 0.580956 0.057044 0.036877
5 0.458405 0.572385 0.030467 0.032411
1 0.296132 0.427831 0.013613 0.016422
1 0.476880 0.497047 0.020743 0.018583
3 0.433449 0.653342 0.081245 0.025209
3 0.728500 0.552939 0.060717 0.036445
4 0.333189 0.398300 0.101988 0.040046
4 0.467913 0.482642 0.106525 0.078796
0 0.323790 0.604509 0.297537 0.448718
0 0.617545 0.657447 0.405791 0.431288
0 0.887424 0.536013 0.183232 0.219821
0 0.894555 0.479401 0.053587 0.043215
4 0.879430 0.443820 0.101124 0.041199