6 0.732665 0.212121 0.270167 0.423783
6 0.296112 0.232094 0.213225 0.463728
2 0.676718 0.268021 0.149702 0.264692
2 0.316470 0.324151 0.163937 0.255739
1 0.768942 0.209137 0.043931 0.104224
1 0.226542 0.321051 0.038880 0.076446
5 0.338206 0.894169 0.167304 0.202020
5 0.182688 0.860996 0.099036 0.148072
3 0.549594 0.413912 0.141283 0.314050
3 0.528471 0.840335 0.117098 0.174242
0 0.290984 0.515611 0.563294 0.968779
0 0.733583 0.496901 0.439767 0.993343
7 0.316623 0.713499 0.407011 0.539486
4 0.701975 0.128673 0.318996 0.256887
4 0.296112 0.150597 0.239247 0.275023