6 0.677532 0.567078 0.073979 0.070190
6 0.402399 0.264282 0.058414 0.059570
2 0.668101 0.579895 0.046329 0.040649
2 0.409174 0.277100 0.043032 0.034912
6 0.123329 0.394653 0.020692 0.016357
2 0.123604 0.397095 0.013551 0.010010
5 0.597693 0.693298 0.039553 0.020386
5 0.632943 0.666077 0.043032 0.014282
3 0.458616 0.346741 0.042300 0.028198
1 0.680553 0.570129 0.014832 0.018188
1 0.384545 0.276611 0.011353 0.010010
4 0.401941 0.248962 0.065556 0.037476
4 0.674968 0.555847 0.091925 0.057983
0 0.701611 0.757324 0.250320 0.462158
0 0.435360 0.387085 0.164622 0.312500
0 0.124153 0.433655 0.045413 0.094360