6 0.704917 0.358375 0.075833 0.130250
6 0.642667 0.390000 0.111667 0.164000
6 0.318500 0.231625 0.104000 0.188250
2 0.338083 0.255625 0.065500 0.142750
5 0.351417 0.712250 0.071167 0.074000
5 0.507417 0.141250 0.060500 0.148000
5 0.523000 0.224750 0.053667 0.136500
5 0.541083 0.259000 0.022167 0.110000
5 0.720000 0.813875 0.037667 0.086750
1 0.295750 0.257750 0.021833 0.041500
1 0.725917 0.382875 0.021500 0.044750
1 0.602500 0.424500 0.010667 0.041000
0 0.693333 0.571625 0.323000 0.730250
0 0.589500 0.579000 0.284333 0.842000
0 0.374417 0.532750 0.326167 0.934500