6 0.237857 0.550667 0.239155 0.185368
6 0.498517 0.288804 0.106415 0.095650
2 0.509084 0.299802 0.084538 0.073159
6 0.652948 0.423875 0.066741 0.064755
2 0.649796 0.428324 0.050797 0.055858
1 0.344828 0.581191 0.024472 0.053139
1 0.460882 0.300914 0.020022 0.025457
5 0.574342 0.580944 0.063033 0.042758
5 0.525399 0.412506 0.106785 0.038557
5 0.025769 0.461814 0.051539 0.053139
5 0.022989 0.423258 0.045977 0.026446
0 0.497775 0.480227 0.297738 0.477014
0 0.666667 0.551903 0.158695 0.321799
0 0.354839 0.728127 0.705228 0.543747
0 0.035780 0.558947 0.071561 0.325507