6 0.328125 0.388932 0.056597 0.126302
2 0.329080 0.408594 0.044618 0.086458
6 0.447743 0.407682 0.067361 0.114323
2 0.424306 0.424089 0.019097 0.081510
6 0.527431 0.401432 0.064236 0.141406
2 0.522135 0.422786 0.053993 0.100781
6 0.667274 0.424479 0.073438 0.143750
2 0.655469 0.445052 0.048438 0.102604
6 0.831944 0.458984 0.123264 0.171094
2 0.803646 0.470964 0.066667 0.147135
1 0.842361 0.481771 0.020833 0.055729
1 0.685069 0.445964 0.013889 0.029427
1 0.553646 0.414453 0.012153 0.036198
1 0.353299 0.390885 0.005208 0.022917
5 0.249479 0.564974 0.030208 0.042448
5 0.322483 0.534505 0.051563 0.042969
5 0.409201 0.593359 0.037847 0.049740
5 0.485156 0.638542 0.047049 0.040104
5 0.553385 0.672917 0.058507 0.041146
5 0.600781 0.693750 0.063368 0.037500
5 0.610590 0.734245 0.071528 0.064844
5 0.768229 0.757943 0.068750 0.075260
0 0.319878 0.456380 0.171701 0.261198
0 0.536285 0.495443 0.190278 0.326823
0 0.781337 0.687760 0.412326 0.624479
0 0.631424 0.532161 0.214236 0.361198
0 0.402865 0.485807 0.213368 0.268490