2 0.378607 0.305786 0.084610 0.118671
6 0.385821 0.257434 0.133595 0.215912
6 0.693267 0.363916 0.133595 0.237075
3 0.786516 0.787168 0.114535 0.111706
3 0.740203 0.702652 0.076060 0.154299
3 0.338796 0.738414 0.071250 0.169033
1 0.364802 0.251540 0.021019 0.041254
1 0.749644 0.376105 0.015141 0.026788
4 0.394638 0.249799 0.112754 0.206536
4 0.687656 0.365122 0.120948 0.238414
4 0.653367 0.520225 0.030994 0.041789
4 0.559761 0.530538 0.027253 0.044736
4 0.439259 0.533753 0.023156 0.037235
4 0.412451 0.534825 0.026185 0.045808
0 0.283399 0.541120 0.332383 0.814894
0 0.794442 0.622154 0.338796 0.755692