2 0.439177 0.352373 0.020394 0.015979
6 0.444365 0.346530 0.031485 0.028142
6 0.851699 0.790842 0.025403 0.022895
2 0.855814 0.794777 0.015027 0.013117
6 0.650626 0.792034 0.018247 0.016218
2 0.650805 0.792273 0.012880 0.011448
6 0.683900 0.793227 0.012522 0.010971
6 0.748837 0.782018 0.020036 0.017648
5 0.392844 0.377176 0.025045 0.009778
5 0.769767 0.833055 0.009660 0.011925
5 0.861717 0.814572 0.008945 0.009778
5 0.631664 0.818865 0.007513 0.006916
5 0.693023 0.820176 0.005725 0.006678
0 0.439535 0.403530 0.118426 0.142142
0 0.653846 0.805271 0.051878 0.044598
0 0.683363 0.813976 0.024329 0.059623
0 0.745617 0.830074 0.059392 0.112330
0 0.854562 0.841760 0.096959 0.122347