6 0.513367 0.450860 0.029175 0.049597
6 0.578613 0.469894 0.026123 0.050695
6 0.621216 0.462939 0.031250 0.052526
6 0.702454 0.452599 0.026001 0.043558
2 0.629761 0.471633 0.012207 0.029283
3 0.523621 0.598371 0.012329 0.034956
3 0.557495 0.605783 0.013672 0.029649
3 0.600342 0.615849 0.009766 0.033675
5 0.644409 0.595992 0.012939 0.033492
5 0.663696 0.595534 0.010742 0.017936
5 0.736511 0.530381 0.006958 0.021230
1 0.512756 0.456534 0.005249 0.010432
1 0.570312 0.472639 0.005615 0.010798
1 0.620667 0.468796 0.004028 0.011530
1 0.711731 0.459645 0.004517 0.014458
0 0.512512 0.586750 0.060425 0.322108
0 0.574768 0.592149 0.060425 0.297767
0 0.623718 0.594894 0.053101 0.317899
0 0.696350 0.598463 0.089966 0.322840