6 0.196819 0.522817 0.049205 0.042989
6 0.253976 0.555142 0.067594 0.050099
2 0.268762 0.565311 0.036034 0.030423
6 0.309394 0.410797 0.042247 0.038856
2 0.318216 0.417824 0.023111 0.024802
5 0.342445 0.594825 0.042247 0.025628
5 0.412649 0.585069 0.029076 0.023313
5 0.291501 0.468750 0.024354 0.020503
5 0.268762 0.520503 0.015159 0.017526
5 0.077535 0.525794 0.021869 0.015873
5 0.119657 0.583581 0.023608 0.018022
1 0.247639 0.571511 0.009195 0.010086
1 0.302932 0.418155 0.008946 0.008598
0 0.143638 0.554812 0.154573 0.131118
0 0.300447 0.665592 0.253479 0.273644
0 0.306039 0.477348 0.088221 0.176257