2 0.185404 0.447615 0.053866 0.146208
6 0.184101 0.425072 0.056125 0.191295
2 0.145091 0.442664 0.059427 0.183737
6 0.117724 0.417514 0.114162 0.232995
2 0.784188 0.527756 0.061859 0.152723
6 0.805995 0.505212 0.108601 0.199896
2 0.875152 0.497394 0.081842 0.168621
6 0.898871 0.459213 0.129279 0.247068
2 0.504605 0.630831 0.022242 0.042481
6 0.504170 0.626010 0.025195 0.053167
1 0.112858 0.423247 0.023458 0.059943
1 0.910252 0.465338 0.023805 0.086265
1 0.817637 0.519156 0.016507 0.051603
1 0.492789 0.628616 0.003128 0.010946
1 0.514683 0.632395 0.003128 0.010164
5 0.299392 0.705760 0.074370 0.082356
5 0.343701 0.738077 0.049348 0.061506
5 0.621807 0.811311 0.078367 0.073495
5 0.628758 0.768309 0.066203 0.051082
5 0.593136 0.747980 0.055430 0.060464
5 0.619374 0.719051 0.045699 0.030232
0 0.168202 0.605421 0.336056 0.610894
0 0.238575 0.595126 0.258558 0.532447
0 0.732754 0.594866 0.325630 0.363565
0 0.791573 0.667449 0.413380 0.665103
0 0.503301 0.651681 0.084970 0.104509