2 0.514065 0.436312 0.066075 0.077407
6 0.546347 0.412712 0.132150 0.123851
2 0.349443 0.403210 0.092883 0.078918
6 0.349726 0.392511 0.101001 0.101070
6 0.412026 0.651542 0.176515 0.134047
1 0.395035 0.385022 0.008495 0.024670
1 0.555503 0.445941 0.017557 0.022907
5 0.585614 0.775267 0.081933 0.048458
5 0.574193 0.833732 0.081744 0.053870
5 0.130074 0.491064 0.066830 0.050975
5 0.199358 0.531340 0.074382 0.048458
5 0.341420 0.524795 0.116859 0.055255
5 0.407212 0.580491 0.097791 0.026432
0 0.486124 0.793014 0.494997 0.413971
0 0.295356 0.446822 0.402303 0.211202
0 0.513781 0.557080 0.463092 0.424670