6 0.710645 0.378910 0.196402 0.204349
2 0.718516 0.399315 0.175412 0.162347
6 0.318778 0.392166 0.157046 0.170688
2 0.340892 0.410039 0.110570 0.134346
6 0.512369 0.182604 0.153673 0.180518
2 0.521552 0.216860 0.115817 0.109026
5 0.186844 0.645517 0.035607 0.037534
5 0.264055 0.494787 0.137556 0.061960
5 0.905547 0.628537 0.110195 0.081620
5 0.806972 0.503575 0.110945 0.082514
5 0.569715 0.464701 0.035982 0.049449
1 0.452024 0.193923 0.031484 0.044683
1 0.585270 0.168901 0.005622 0.016086
1 0.794603 0.369526 0.025487 0.051534
0 0.243628 0.623027 0.404048 0.631814
0 0.751499 0.634197 0.418291 0.731606
0 0.506559 0.546172 0.257496 0.907656