6 0.527997 0.372234 0.056823 0.089436
6 0.659685 0.374727 0.056823 0.097538
6 0.749274 0.363976 0.042306 0.078529
6 0.116031 0.357276 0.021360 0.039576
6 0.101618 0.349486 0.019909 0.045185
6 0.062526 0.379869 0.022605 0.034902
6 0.041269 0.371767 0.009540 0.025553
6 0.026338 0.356186 0.012028 0.040511
6 0.012961 0.351511 0.023019 0.040511
2 0.100892 0.355874 0.015139 0.031162
2 0.067814 0.378311 0.012028 0.022437
2 0.040336 0.372546 0.006429 0.019632
2 0.026752 0.355718 0.004562 0.032720
2 0.020842 0.356030 0.006429 0.033344
2 0.257881 0.374260 0.007258 0.019321
2 0.343115 0.362262 0.007673 0.014646
6 0.255288 0.373325 0.014517 0.021814
6 0.345603 0.362730 0.013480 0.018074
5 0.682497 0.634933 0.033596 0.048302
5 0.079946 0.372234 0.006844 0.018386
5 0.090315 0.374260 0.008088 0.022437
1 0.014413 0.352135 0.003526 0.010595
1 0.109809 0.362886 0.003526 0.011530
1 0.061904 0.384855 0.003940 0.006856
0 0.016694 0.373948 0.032974 0.087878
0 0.033389 0.379869 0.025715 0.082269
0 0.102758 0.370209 0.022190 0.087255
0 0.073517 0.424431 0.043758 0.122780
0 0.522812 0.642879 0.117793 0.637582
0 0.675135 0.654565 0.155745 0.652851
0 0.758295 0.584450 0.085649 0.505765
0 0.346744 0.382830 0.023642 0.060143
0 0.244712 0.399813 0.035670 0.085385
0 0.119038 0.382674 0.033181 0.081022
0 0.956346 0.498442 0.034633 0.077594
0 0.925653 0.488937 0.029656 0.081022
0 0.903360 0.475849 0.032352 0.091617
0 0.881792 0.477563 0.050601 0.087566
0 0.848507 0.474135 0.029656 0.084450