6 0.176820 0.365204 0.166311 0.285355
2 0.230049 0.418780 0.048888 0.173635
6 0.569829 0.356523 0.125038 0.207220
2 0.567088 0.376514 0.085136 0.167238
6 0.810539 0.360521 0.128846 0.197852
2 0.775891 0.380398 0.060463 0.157185
1 0.185349 0.394334 0.021322 0.069911
5 0.496802 0.656157 0.067621 0.081334
5 0.456747 0.660384 0.040207 0.076536
5 0.763555 0.486406 0.079957 0.077679
5 0.761956 0.713045 0.036857 0.068540
5 0.367118 0.678661 0.064118 0.061001
5 0.344197 0.670094 0.095035 0.079507
0 0.847167 0.504684 0.286780 0.487549
0 0.202178 0.606123 0.404356 0.767192
0 0.577140 0.474869 0.285562 0.483665