2 0.561999 0.491689 0.128005 0.214010
6 0.572573 0.459038 0.151825 0.278124
2 0.801202 0.188780 0.107302 0.201247
6 0.811220 0.155981 0.128673 0.263877
2 0.456812 0.167112 0.110864 0.165034
6 0.460597 0.141140 0.123330 0.212823
2 0.236309 0.192936 0.134684 0.174533
6 0.233415 0.150341 0.153829 0.257346
1 0.169078 0.146779 0.025156 0.071535
1 0.515583 0.138765 0.014693 0.052538
1 0.636020 0.481597 0.022707 0.072722
1 0.865650 0.174236 0.019813 0.056990
5 0.341496 0.805135 0.070347 0.126744
5 0.732191 0.942861 0.068121 0.088750
5 0.490873 0.350698 0.053428 0.113090
0 0.586264 0.645295 0.524711 0.648857
0 0.831812 0.482636 0.294524 0.942713
0 0.195904 0.501039 0.360196 0.979519
0 0.471950 0.393737 0.304541 0.707332