6 0.726466 0.484954 0.022377 0.041667
6 0.300669 0.531829 0.024691 0.032022
6 0.159336 0.082562 0.022891 0.046296
6 0.137603 0.085069 0.018004 0.025849
6 0.142104 0.079282 0.015689 0.027392
5 0.721579 0.556134 0.013632 0.028164
5 0.179655 0.133488 0.012603 0.016975
5 0.159594 0.106867 0.008488 0.013889
2 0.162423 0.091049 0.010031 0.021605
2 0.727495 0.484954 0.019805 0.037037
1 0.310442 0.540895 0.004115 0.012346
1 0.290123 0.541281 0.002572 0.007716
1 0.716950 0.478974 0.003344 0.010417
1 0.155864 0.087191 0.003601 0.010031
7 0.134259 0.139082 0.021091 0.055170
7 0.126029 0.125193 0.014403 0.076775
0 0.161651 0.115548 0.046553 0.112269
0 0.148663 0.115162 0.048354 0.088349
0 0.131944 0.120563 0.024177 0.092978
0 0.152521 0.091049 0.022119 0.046296
0 0.715921 0.544174 0.053755 0.158565
0 0.303112 0.655285 0.082562 0.281250