6 0.369674 0.589230 0.076539 0.093400
6 0.255786 0.612342 0.064966 0.081487
2 0.264861 0.626757 0.044713 0.045509
2 0.391373 0.610913 0.031562 0.048606
5 0.493688 0.728139 0.042083 0.028115
5 0.423724 0.694663 0.042083 0.031689
5 0.262888 0.525137 0.034456 0.038122
5 0.528275 0.325351 0.039716 0.025494
5 0.502104 0.325709 0.026302 0.039076
1 0.372567 0.594830 0.006575 0.021206
1 0.241846 0.607815 0.010258 0.015726
4 0.369279 0.569574 0.099947 0.054086
7 0.355865 0.704670 0.132562 0.172266
7 0.241715 0.707172 0.117307 0.188706
7 0.599553 0.304741 0.129669 0.157255
0 0.586665 0.437694 0.183851 0.430307