6 0.149071 0.299898 0.021296 0.044203
2 0.151110 0.307548 0.014952 0.026862
6 0.171386 0.370792 0.021069 0.042503
2 0.173312 0.379293 0.016765 0.024141
6 0.203897 0.400034 0.024468 0.034342
2 0.211713 0.404794 0.007476 0.022101
6 0.217037 0.439816 0.028092 0.035702
2 0.224060 0.444917 0.013593 0.024821
6 0.266765 0.401224 0.019710 0.042843
2 0.267105 0.416015 0.014499 0.015301
6 0.188944 0.290037 0.019030 0.035362
6 0.217263 0.264366 0.023108 0.028902
6 0.300974 0.389493 0.024694 0.036382
2 0.306865 0.394594 0.014273 0.024821
6 0.351042 0.367052 0.018351 0.039782
2 0.351155 0.372832 0.014046 0.026862
6 0.291006 0.182761 0.021976 0.038422
2 0.297916 0.189221 0.008609 0.022781
6 0.338582 0.146719 0.017898 0.039782
2 0.338242 0.157599 0.012234 0.019381
6 0.291119 0.261306 0.019030 0.034342
6 0.393747 0.254845 0.021749 0.031622
2 0.389329 0.261306 0.013367 0.018701
6 0.387290 0.303128 0.019257 0.040462
2 0.387177 0.310099 0.014499 0.027202
6 0.385818 0.124107 0.018124 0.041482
2 0.384912 0.129888 0.013593 0.027202
6 0.425351 0.194492 0.020616 0.038762
2 0.422293 0.199422 0.014499 0.027542
6 0.452424 0.186671 0.019483 0.034682
2 0.449592 0.191261 0.013367 0.024821
6 0.424105 0.099456 0.017218 0.041142
2 0.425691 0.104896 0.014499 0.030262
6 0.462053 0.084665 0.021069 0.034682
6 0.473267 0.120707 0.019030 0.041482
2 0.471681 0.128698 0.015859 0.024141
6 0.496488 0.189901 0.022882 0.035022
2 0.503285 0.199252 0.009289 0.015641
6 0.459787 0.243115 0.018351 0.042843
2 0.461373 0.249915 0.014726 0.029922
6 0.470775 0.221523 0.018577 0.039102
2 0.470888 0.226624 0.013820 0.028902
6 0.521636 0.142979 0.020163 0.044543
2 0.521636 0.154029 0.015179 0.021761
5 0.181468 0.338660 0.010874 0.027202
5 0.279225 0.461238 0.016538 0.021421
5 0.287494 0.450017 0.012687 0.020741
5 0.297349 0.440836 0.012460 0.015301
5 0.332805 0.413805 0.012234 0.016321
5 0.349909 0.393404 0.012007 0.025162
5 0.241731 0.271506 0.011328 0.015301
5 0.229610 0.270486 0.007023 0.016661
5 0.178183 0.284937 0.009289 0.012241
5 0.248641 0.262156 0.008836 0.017681
5 0.259402 0.262666 0.010421 0.018021
5 0.343566 0.298708 0.013367 0.022781
5 0.369846 0.386603 0.012913 0.017681
5 0.381853 0.374532 0.011554 0.020061
5 0.390575 0.372152 0.011781 0.024821
5 0.484821 0.306018 0.012234 0.019721
5 0.474400 0.302958 0.007250 0.012921
5 0.410059 0.190411 0.009515 0.017001
5 0.411871 0.180891 0.008609 0.013601
5 0.377889 0.280007 0.009968 0.018021
5 0.359198 0.205032 0.006570 0.017681
5 0.362370 0.206732 0.007476 0.019721
5 0.311622 0.223393 0.006570 0.014281
5 0.532737 0.251105 0.011101 0.020741
5 0.561849 0.242095 0.009515 0.018361
5 0.521976 0.236994 0.010421 0.012241
5 0.433280 0.131928 0.011554 0.010881
5 0.442116 0.153009 0.006570 0.016321
5 0.158586 0.371642 0.006797 0.013601
1 0.297576 0.402584 0.005664 0.007480
1 0.220322 0.274906 0.004304 0.008501
1 0.207182 0.413125 0.003851 0.008160
1 0.197893 0.294798 0.003851 0.008841
1 0.394540 0.307208 0.003851 0.008501
1 0.342546 0.369602 0.004078 0.010881
1 0.359764 0.369942 0.003625 0.010201
1 0.397145 0.263006 0.004984 0.007820
1 0.378908 0.303128 0.002492 0.009181
1 0.291572 0.196362 0.004531 0.007820
1 0.417422 0.104556 0.004304 0.008501
1 0.429882 0.200102 0.004758 0.007820
1 0.455029 0.194152 0.004304 0.009521
1 0.452764 0.249235 0.004304 0.009521
1 0.496942 0.201802 0.004758 0.009181
1 0.479157 0.127338 0.004531 0.009861
1 0.467603 0.094696 0.003625 0.009861
0 0.157907 0.351411 0.057997 0.148589
0 0.178636 0.442027 0.051427 0.187691
0 0.197667 0.440156 0.039647 0.115267
0 0.242637 0.477899 0.091527 0.111867
0 0.266085 0.423155 0.055958 0.086705
0 0.311735 0.410065 0.053919 0.078205
0 0.355007 0.397824 0.049841 0.103366
0 0.386724 0.333900 0.053466 0.102006
0 0.440643 0.294798 0.072043 0.146889
0 0.485501 0.294968 0.048482 0.187351
0 0.504871 0.249575 0.057318 0.157089
0 0.519823 0.181401 0.046896 0.122747
0 0.553919 0.256035 0.026733 0.050323
0 0.475532 0.151649 0.041686 0.102006
0 0.449366 0.205032 0.031944 0.078205
0 0.421953 0.225264 0.043725 0.107106
0 0.384005 0.273716 0.044857 0.074124
0 0.420594 0.136518 0.050068 0.112547
0 0.450498 0.115267 0.045084 0.099966
0 0.384685 0.170860 0.047576 0.133628
0 0.346285 0.200442 0.060489 0.149269
0 0.290326 0.251615 0.074536 0.178171
0 0.297349 0.319959 0.106253 0.156409
0 0.230856 0.337470 0.052560 0.175791
0 0.201858 0.352091 0.062981 0.166950