5 0.076965 0.685330 0.003296 0.006378
5 0.123413 0.669738 0.002930 0.007087
5 0.151428 0.660702 0.002319 0.006024
5 0.192200 0.651843 0.002563 0.006024
5 0.223694 0.677711 0.002319 0.007442
5 0.261230 0.635188 0.002441 0.005315
5 0.279236 0.651311 0.001831 0.007087
0 0.077698 0.678951 0.012573 0.083629
0 0.119385 0.678951 0.011475 0.082211
0 0.220032 0.666017 0.010864 0.065556
6 0.076172 0.645996 0.006104 0.018427
6 0.118103 0.646350 0.006226 0.017718
6 0.148438 0.646882 0.005127 0.014529
6 0.218811 0.641212 0.004517 0.013111
6 0.255615 0.625443 0.004639 0.012048
6 0.283752 0.620482 0.004272 0.009922
0 0.146179 0.675408 0.012085 0.072998
0 0.189087 0.670446 0.008545 0.063076
0 0.257568 0.653260 0.010498 0.071935
0 0.282898 0.644578 0.009644 0.062367