6 0.633343 0.424422 0.080443 0.072858
6 0.233168 0.377307 0.073448 0.080047
6 0.887934 0.445599 0.061498 0.049932
6 0.831245 0.469205 0.055960 0.048572
6 0.798164 0.498251 0.032352 0.034000
2 0.636112 0.431708 0.070825 0.060618
2 0.822646 0.467360 0.027106 0.035166
2 0.793792 0.497669 0.016030 0.032835
2 0.885165 0.456480 0.039639 0.049932
2 0.235063 0.379639 0.069659 0.060618
1 0.668610 0.426268 0.012241 0.025646
1 0.899009 0.452302 0.008452 0.017097
1 0.206500 0.382067 0.011367 0.021955
5 0.604197 0.527200 0.032061 0.023120
5 0.354124 0.460365 0.056543 0.038275
5 0.225299 0.444434 0.050131 0.032835
0 0.247741 0.431028 0.258234 0.175442
0 0.650831 0.467360 0.192947 0.175442
0 0.821481 0.498349 0.087730 0.107247
0 0.912416 0.470371 0.104051 0.096755