2 0.527000 0.674250 0.127000 0.130500
6 0.511833 0.611375 0.157667 0.256250
2 0.462750 0.493250 0.093500 0.143000
6 0.469417 0.463500 0.142500 0.202500
6 0.118333 0.482375 0.113333 0.246250
0 0.637000 0.741000 0.409000 0.518000
0 0.156083 0.578000 0.311167 0.434500
0 0.497583 0.682000 0.212833 0.636000
1 0.514750 0.577125 0.036833 0.060750
1 0.512167 0.473250 0.010667 0.027500
1 0.168167 0.461125 0.012333 0.054250
1 0.068333 0.470500 0.011000 0.044500
5 0.466083 0.932250 0.069500 0.131000
5 0.116250 0.519625 0.091500 0.141250
5 0.176750 0.763500 0.081500 0.087000