6 0.855387 0.272625 0.071509 0.136750
6 0.689846 0.270250 0.065878 0.105500
6 0.648836 0.231375 0.051802 0.090750
6 0.560342 0.270125 0.021584 0.071250
6 0.543825 0.277875 0.039977 0.061750
6 0.507226 0.266875 0.040353 0.072750
6 0.416667 0.256500 0.057057 0.084500
6 0.367774 0.585500 0.082395 0.131500
6 0.380631 0.471875 0.048048 0.084250
6 0.382038 0.276750 0.034347 0.071500
5 0.435435 0.504125 0.019895 0.046750
5 0.361299 0.318250 0.015766 0.033000
1 0.417511 0.264500 0.009197 0.024000
1 0.395270 0.473875 0.007132 0.017750
1 0.393863 0.610500 0.011074 0.021500
1 0.655218 0.234750 0.007883 0.024000
1 0.567474 0.277625 0.008446 0.013250
7 0.873311 0.466125 0.113363 0.274750
7 0.679899 0.449750 0.084647 0.242000
7 0.614771 0.413625 0.095908 0.205750
7 0.365240 0.788750 0.158784 0.194500
7 0.402027 0.515125 0.049550 0.080250
7 0.386543 0.652125 0.076014 0.107250
4 0.369745 0.573000 0.078829 0.098500
4 0.380443 0.457375 0.042793 0.057750
4 0.506663 0.250000 0.038101 0.039500
4 0.416385 0.248875 0.060248 0.067250
4 0.379505 0.259125 0.029655 0.035750
4 0.544764 0.273375 0.036224 0.049750
4 0.561468 0.253375 0.021584 0.030250
4 0.602759 0.248875 0.065503 0.071250
4 0.644801 0.211250 0.059872 0.034500
4 0.688532 0.249250 0.067380 0.085000
4 0.854261 0.260625 0.067755 0.107750
0 0.369463 0.830500 0.189002 0.339000
0 0.406344 0.666000 0.207207 0.301000
0 0.687500 0.528000 0.085586 0.638000
0 0.849474 0.401625 0.097973 0.405750
0 0.645458 0.265125 0.059685 0.178750
0 0.616273 0.473000 0.101539 0.531500
0 0.519613 0.416875 0.087650 0.410250
0 0.439377 0.439125 0.096471 0.460250
0 0.388701 0.354500 0.070195 0.244500
0 0.396678 0.513625 0.100038 0.183250