2 0.673833 0.325875 0.055000 0.087250
2 0.741583 0.225125 0.046833 0.114750
6 0.674583 0.291750 0.072500 0.156500
6 0.738083 0.194125 0.090500 0.183750
1 0.704750 0.300875 0.007500 0.031250
1 0.644250 0.304125 0.005500 0.027750
1 0.771167 0.186750 0.013000 0.037000
3 0.600417 0.523750 0.048500 0.062500
3 0.684250 0.521125 0.079500 0.074750
5 0.712583 0.473875 0.052500 0.052250
5 0.671000 0.446125 0.084000 0.072750
4 0.674083 0.254500 0.079167 0.084500
4 0.737667 0.172250 0.100667 0.142500
0 0.671750 0.606250 0.193167 0.787500
0 0.842000 0.550750 0.314000 0.898500