6 0.806766 0.490548 0.133272 0.210453
6 0.521131 0.460801 0.086191 0.172088
6 0.204356 0.513344 0.062465 0.103698
6 0.118536 0.519044 0.042447 0.080623
2 0.773216 0.533778 0.059870 0.113984
2 0.524652 0.475952 0.068397 0.126772
2 0.120575 0.521129 0.032437 0.065332
1 0.485264 0.481929 0.015570 0.044760
1 0.805190 0.501390 0.018906 0.041979
5 0.727155 0.720461 0.065246 0.092577
5 0.540593 0.678204 0.056163 0.068668
0 0.815014 0.690436 0.237627 0.619127
0 0.517794 0.529608 0.261168 0.319711
0 0.215385 0.541423 0.091196 0.163192
0 0.117980 0.550042 0.089157 0.152627