6 0.876617 0.319021 0.244180 0.145197
6 0.078893 0.292464 0.157268 0.153475
5 0.254268 0.420762 0.117951 0.070702
5 0.251293 0.338076 0.107346 0.068460
5 0.078893 0.688136 0.112261 0.073978
5 0.173694 0.768150 0.115623 0.064666
5 0.730988 0.349888 0.088464 0.103121
5 0.645111 0.467753 0.117951 0.063632
5 0.754268 0.661666 0.131402 0.090360
5 0.765649 0.799621 0.130367 0.070357
0 0.792680 0.337386 0.414640 0.357475
0 0.844283 0.740904 0.311433 0.417486
0 0.156751 0.377565 0.312985 0.391274
0 0.116270 0.769184 0.232023 0.321607