6 0.531399 0.562723 0.004167 0.008036
6 0.587054 0.562054 0.004167 0.008036
6 0.640625 0.559040 0.004167 0.006473
6 0.357812 0.591295 0.005208 0.008929
6 0.295685 0.566406 0.005060 0.009598
6 0.959598 0.560268 0.004613 0.005357
2 0.531399 0.563839 0.003274 0.004464
2 0.586979 0.562723 0.003720 0.005357
5 0.642113 0.581027 0.002083 0.005804
5 0.586756 0.580134 0.001786 0.003125
5 0.524554 0.580580 0.001786 0.003571
7 0.956771 0.569643 0.010565 0.015625
7 0.952902 0.584152 0.010863 0.011607
7 0.638616 0.569978 0.009375 0.016741
7 0.590625 0.570201 0.007738 0.015848
7 0.529464 0.573214 0.009524 0.016964
4 0.503795 0.564174 0.003423 0.005134
0 0.589807 0.578125 0.009970 0.039732
0 0.638095 0.576339 0.010417 0.042411
0 0.528199 0.580134 0.011161 0.038393
0 0.292560 0.582031 0.011905 0.042188
0 0.353943 0.593973 0.015030 0.017411
0 0.956920 0.574330 0.011161 0.033482