2 0.576905 0.785577 0.049832 0.044881
6 0.575228 0.779668 0.059895 0.056381
2 0.715740 0.719054 0.061572 0.036096
6 0.715860 0.707555 0.068999 0.059096
6 0.678606 0.789011 0.079780 0.077943
6 0.737063 0.781824 0.063009 0.061651
1 0.549952 0.785657 0.008864 0.014375
1 0.653091 0.801310 0.012937 0.015333
1 0.740417 0.793563 0.013656 0.015173
1 0.718735 0.791008 0.006229 0.015493
1 0.744250 0.705478 0.012218 0.019486
5 0.599066 0.873263 0.060134 0.034340
5 0.598706 0.858569 0.060374 0.026673
5 0.648898 0.824149 0.038572 0.036735
5 0.566483 0.871985 0.026593 0.014854
5 0.703881 0.740696 0.033541 0.035937
0 0.778869 0.761779 0.201725 0.201725
0 0.571514 0.827424 0.180402 0.148379
0 0.742693 0.867274 0.226641 0.238620
0 0.793004 0.849864 0.175851 0.205398