6 0.507231 0.354921 0.100226 0.228695
6 0.058350 0.380750 0.103119 0.222285
6 0.014588 0.393948 0.029175 0.256222
6 0.957432 0.336161 0.085136 0.242081
2 0.508740 0.371135 0.096454 0.181561
2 0.065392 0.426282 0.060865 0.136878
2 0.013330 0.406674 0.026660 0.220965
2 0.956803 0.343986 0.086393 0.187594
1 0.551245 0.353695 0.013959 0.054676
1 0.991197 0.362085 0.017606 0.059389
5 0.267543 0.781203 0.072057 0.087293
5 0.222837 0.661859 0.062877 0.109917
5 0.250629 0.650264 0.036469 0.098793
5 0.122674 0.750283 0.098969 0.112557
5 0.732457 0.675245 0.063255 0.126885
5 0.974912 0.525358 0.050176 0.098228
0 0.520561 0.425716 0.292379 0.367270
0 0.857269 0.486237 0.285463 0.541478
0 0.144429 0.499811 0.241323 0.443439
0 0.151346 0.553167 0.302691 0.596154