5 0.189748 0.717097 0.101477 0.115976
5 0.255430 0.488663 0.056299 0.157936
5 0.465943 0.143993 0.053692 0.183216
5 0.550130 0.744201 0.076455 0.091999
5 0.632407 0.775736 0.109644 0.126401
6 0.176716 0.399661 0.138662 0.284337
2 0.193050 0.440970 0.105995 0.199635
6 0.527194 0.297368 0.104257 0.241334
1 0.484361 0.301668 0.018245 0.058640
2 0.535534 0.331379 0.086881 0.170706
6 0.797915 0.342455 0.155343 0.294501
2 0.780626 0.370732 0.106864 0.237946
1 0.833362 0.325775 0.027802 0.075580
0 0.496612 0.410216 0.338488 0.716706
0 0.145699 0.612588 0.291399 0.774824
0 0.756473 0.597733 0.487055 0.804535