5 0.338927 0.436343 0.040509 0.038323
5 0.389757 0.467207 0.032600 0.057870
5 0.483121 0.547454 0.029128 0.061471
5 0.613812 0.441101 0.035108 0.044239
6 0.375289 0.188657 0.069252 0.122171
2 0.382330 0.203061 0.054398 0.092335
6 0.542921 0.219907 0.076196 0.112654
2 0.527778 0.232639 0.044753 0.087706
1 0.349151 0.197659 0.011960 0.027521
1 0.557870 0.232510 0.012731 0.032407
0 0.357253 0.539866 0.177855 0.827160
0 0.554012 0.540381 0.194830 0.755144
0 0.949749 0.547840 0.100502 0.780350
5 0.965278 0.442644 0.054398 0.070473