6 0.258575 0.558943 0.060595 0.051321
2 0.258956 0.566184 0.046113 0.037856
6 0.395389 0.582698 0.055259 0.050559
2 0.396532 0.592353 0.039253 0.026677
6 0.517912 0.547510 0.048018 0.051829
2 0.515625 0.556275 0.041921 0.032774
6 0.607470 0.585239 0.061738 0.054624
2 0.605183 0.587525 0.054878 0.043953
5 0.242378 0.592734 0.035061 0.034045
1 0.285633 0.565549 0.004954 0.012703
1 0.419588 0.586509 0.006098 0.016514
5 0.374047 0.653709 0.023247 0.013211
5 0.307546 0.648501 0.034299 0.027185
1 0.231517 0.563643 0.004954 0.011941
5 0.467416 0.706047 0.022485 0.023374
5 0.535061 0.671240 0.025915 0.024898
5 0.655107 0.627668 0.037348 0.039380
0 0.249619 0.667302 0.163872 0.263465
0 0.395198 0.658283 0.128049 0.223577
0 0.517149 0.658410 0.131098 0.276169
0 0.619093 0.675686 0.193979 0.237551