3 0.285536 0.520550 0.012809 0.022685
3 0.463352 0.550307 0.012631 0.020283
2 0.290874 0.495196 0.008895 0.017347
2 0.618840 0.846144 0.012987 0.017881
4 0.288739 0.484521 0.022416 0.022151
4 0.460950 0.481185 0.018146 0.028289
2 0.458459 0.490526 0.006049 0.012276
3 0.734834 0.838004 0.015478 0.020283
3 0.616616 0.919936 0.011742 0.019215
4 0.681551 0.826261 0.017079 0.021884
4 0.619196 0.837737 0.017257 0.024019
7 0.271482 0.528690 0.030955 0.069389
7 0.621420 0.882039 0.024907 0.056045
7 0.478651 0.514278 0.028287 0.069389
0 0.277442 0.544169 0.043231 0.141446
0 0.472336 0.540966 0.041274 0.148919
0 0.620263 0.877369 0.029710 0.103283
6 0.289183 0.489058 0.021171 0.030157
6 0.680751 0.829197 0.018324 0.026688
6 0.619107 0.840272 0.016723 0.029624
6 0.461573 0.481719 0.019036 0.028823
0 0.701921 0.870963 0.082725 0.116093