2 0.485850 0.465268 0.059244 0.047602
6 0.477916 0.457511 0.076170 0.063822
2 0.209468 0.528650 0.048664 0.046368
6 0.184211 0.516220 0.099180 0.071932
2 0.106718 0.523977 0.047871 0.071227
6 0.069162 0.508286 0.121925 0.096968
2 0.809574 0.516396 0.037027 0.050423
6 0.831658 0.511460 0.081724 0.057475
2 0.963105 0.505465 0.053690 0.061707
6 0.968262 0.500705 0.063475 0.070169
1 0.455832 0.473642 0.015604 0.013575
1 0.074980 0.517454 0.020365 0.021862
1 0.178524 0.528738 0.013224 0.019041
1 0.994843 0.510578 0.010315 0.023625
5 0.286829 0.619887 0.038350 0.031382
5 0.335625 0.630201 0.039143 0.034379
5 0.389183 0.626763 0.036234 0.014810
5 0.574716 0.625617 0.052896 0.011460
5 0.791061 0.665462 0.079873 0.035790
5 0.743586 0.641661 0.049987 0.040021
5 0.702592 0.628085 0.043639 0.035085
0 0.227056 0.650300 0.257339 0.348907
0 0.740280 0.662994 0.354404 0.358075
0 0.806004 0.682123 0.387993 0.431946
0 0.487305 0.615568 0.235123 0.380289
0 0.217271 0.679831 0.434012 0.480606