2 0.255580 0.310491 0.094792 0.167411
6 0.238839 0.279353 0.128869 0.223884
2 0.919122 0.283036 0.102827 0.134375
6 0.920685 0.225670 0.125893 0.250000
6 0.817113 0.510491 0.211310 0.343750
1 0.776339 0.599107 0.027381 0.080804
1 0.975967 0.245536 0.015030 0.051339
1 0.204911 0.319978 0.018155 0.044420
5 0.401786 0.500670 0.093155 0.098661
5 0.520759 0.500000 0.076042 0.114286
5 0.605952 0.403906 0.070833 0.118527
5 0.676860 0.955804 0.076042 0.088393
0 0.325744 0.512723 0.413988 0.687054
0 0.913914 0.363393 0.172173 0.536607
0 0.785565 0.671205 0.428869 0.657589