6 0.582875 0.331271 0.102250 0.196100
6 0.925750 0.329584 0.063500 0.105737
6 0.082625 0.336145 0.077750 0.136108
2 0.091125 0.379078 0.052250 0.056993
2 0.587375 0.386952 0.079750 0.072741
2 0.929375 0.350581 0.045250 0.058493
1 0.536625 0.324709 0.008250 0.020997
5 0.540125 0.853768 0.060250 0.094488
5 0.710000 0.829396 0.058500 0.111736
5 0.912750 0.517623 0.033500 0.043870
5 0.108875 0.651669 0.036750 0.060742
5 0.029750 0.674166 0.037000 0.047244
0 0.919250 0.453318 0.161500 0.382452
0 0.107875 0.635358 0.174750 0.729284
0 0.590500 0.565992 0.292500 0.675291