6 0.092333 0.258250 0.042000 0.045000
6 0.463167 0.369500 0.023000 0.028000
6 0.815333 0.290875 0.044000 0.037750
6 0.253000 0.365250 0.014667 0.019500
2 0.095833 0.260000 0.033000 0.027000
2 0.818833 0.290125 0.035000 0.031750
1 0.806333 0.286000 0.008667 0.016000
5 0.761667 0.386125 0.016667 0.020250
5 0.710167 0.424875 0.011667 0.008250
5 0.481500 0.400500 0.007667 0.012500
5 0.127500 0.332000 0.019667 0.017000
5 0.844500 0.377875 0.017000 0.023250
1 0.456833 0.371875 0.006333 0.009750
0 0.793167 0.363875 0.119667 0.208250
0 0.451500 0.391750 0.059667 0.070500
0 0.270667 0.377875 0.048667 0.042750
0 0.114167 0.358500 0.133667 0.248000
0 0.675333 0.397875 0.087333 0.065750