6 0.645828 0.562765 0.020736 0.036996
6 0.686380 0.559267 0.027730 0.038100
2 0.678834 0.566814 0.008466 0.019694
2 0.643681 0.568562 0.013742 0.023192
1 0.650798 0.567550 0.003681 0.007178
1 0.683313 0.565157 0.003436 0.009019
5 0.681840 0.667403 0.008834 0.023560
5 0.630123 0.622768 0.011411 0.013068
5 0.619877 0.622768 0.005890 0.013068
0 0.643804 0.655255 0.064294 0.226394
0 0.689693 0.659304 0.068466 0.241487
7 0.643067 0.619547 0.035828 0.071047
4 0.685767 0.554850 0.025521 0.027057
4 0.643620 0.554850 0.023190 0.023376