6 0.573619 0.209558 0.103558 0.092803
6 0.785652 0.246124 0.088516 0.100671
6 0.271189 0.244156 0.091119 0.092108
2 0.273792 0.259084 0.081863 0.061328
2 0.565809 0.216848 0.080995 0.068503
2 0.785797 0.255728 0.083020 0.076371
1 0.821811 0.253298 0.010992 0.021523
1 0.747324 0.248554 0.007232 0.019440
1 0.309662 0.242189 0.010124 0.020134
1 0.240093 0.260819 0.013306 0.018977
5 0.558577 0.455219 0.064796 0.070354
5 0.353775 0.515043 0.046861 0.046054
5 0.403674 0.462856 0.035001 0.040731
5 0.683251 0.482874 0.070003 0.054386
5 0.871420 0.547674 0.043679 0.065494
5 0.149262 0.354316 0.057275 0.058320
0 0.248626 0.493289 0.255424 0.633881
0 0.512583 0.510761 0.295632 0.691044
0 0.779433 0.510183 0.268730 0.638972