2 0.483000 0.399250 0.079000 0.062167
6 0.472125 0.378917 0.104250 0.102167
6 0.195500 0.500417 0.227000 0.186500
2 0.227250 0.526333 0.119500 0.130000
2 0.773125 0.331750 0.124250 0.109833
6 0.808000 0.292333 0.230500 0.190333
5 0.371625 0.738000 0.098750 0.094667
5 0.334875 0.694917 0.101250 0.057500
5 0.724875 0.685667 0.091250 0.056667
5 0.867500 0.633000 0.096000 0.067667
1 0.204000 0.494083 0.039000 0.049167
1 0.824250 0.295917 0.038500 0.046833
1 0.436625 0.378583 0.026250 0.031167
0 0.484250 0.447333 0.335500 0.274667
0 0.839500 0.600250 0.321000 0.799500
0 0.248375 0.701167 0.496750 0.588667