6 0.176862 0.452316 0.146609 0.238297
2 0.206034 0.471240 0.088930 0.198954
6 0.360705 0.338272 0.141290 0.206424
2 0.392786 0.353710 0.077793 0.174054
6 0.548953 0.373381 0.086935 0.163596
2 0.560339 0.386703 0.063830 0.134960
6 0.841589 0.328312 0.125332 0.165588
2 0.814245 0.337898 0.070977 0.143924
5 0.873587 0.726345 0.091589 0.075199
5 0.687832 0.687002 0.048870 0.062749
5 0.737035 0.494646 0.042886 0.112301
5 0.578541 0.735433 0.045047 0.057022
5 0.522274 0.766185 0.079787 0.088645
1 0.853723 0.366783 0.013630 0.022410
1 0.518534 0.395169 0.020113 0.040837
1 0.341090 0.366534 0.025931 0.058765
1 0.146443 0.496638 0.031582 0.063994
0 0.588597 0.643800 0.299867 0.705428
0 0.403590 0.619646 0.310505 0.760707
0 0.168135 0.666086 0.327626 0.667829
0 0.769033 0.620767 0.461935 0.752988