5 0.347319 0.398791 0.030285 0.042438
5 0.373264 0.405864 0.022762 0.037037
5 0.422936 0.557485 0.023341 0.033179
5 0.500289 0.445859 0.040316 0.032665
5 0.568769 0.550026 0.019097 0.052212
5 0.692033 0.533436 0.021412 0.039095
6 0.363812 0.228652 0.058256 0.098765
2 0.372492 0.240355 0.039352 0.074846
6 0.497299 0.244470 0.055556 0.096965
2 0.497878 0.256944 0.042824 0.070473
6 0.641782 0.275077 0.067515 0.090792
2 0.626543 0.286394 0.035108 0.067644
1 0.350116 0.237654 0.006173 0.021605
1 0.646991 0.283951 0.007330 0.024691
1 0.474441 0.252958 0.004051 0.016204
1 0.520833 0.259002 0.004630 0.015947
0 0.346065 0.509774 0.145448 0.668210
0 0.484857 0.512860 0.152971 0.637346
0 0.637153 0.534851 0.156636 0.608796
0 0.880305 0.539352 0.142940 0.618313
1 0.895640 0.289223 0.019290 0.034208
2 0.907407 0.291152 0.042824 0.076132
6 0.889950 0.289738 0.083526 0.117027
5 0.880980 0.532150 0.038580 0.051440