2 0.535880 0.162326 0.129887 0.130594
6 0.545525 0.143422 0.163066 0.174190
2 0.180427 0.480999 0.119599 0.186535
6 0.126929 0.454958 0.234311 0.249807
5 0.306199 0.641782 0.142747 0.086420
5 0.175154 0.644387 0.101852 0.106289
5 0.203318 0.657697 0.078961 0.080826
5 0.418724 0.750675 0.108025 0.105517
5 0.443930 0.748553 0.102881 0.103974
5 0.778035 0.624132 0.110082 0.090856
5 0.843236 0.655575 0.090792 0.082755
5 0.898663 0.674672 0.122428 0.070023
0 0.529835 0.366223 0.605453 0.615548
0 0.248200 0.658565 0.490741 0.682870