5 0.369844 0.735860 0.013833 0.037707
5 0.439009 0.738216 0.017606 0.024321
5 0.335576 0.702960 0.014210 0.021305
5 0.271190 0.694759 0.015468 0.024510
3 0.453911 0.710973 0.017983 0.033937
3 0.476924 0.686180 0.014462 0.037519
3 0.603496 0.650641 0.009809 0.022247
3 0.720133 0.660445 0.014462 0.032428
3 0.747674 0.648379 0.015719 0.016968
3 0.815329 0.648190 0.015971 0.023002
3 0.642606 0.648379 0.012827 0.009050
0 0.296152 0.617176 0.090543 0.182692
0 0.407067 0.669212 0.089537 0.171757
0 0.483212 0.655637 0.073063 0.148379
0 0.596391 0.647247 0.089663 0.160256
0 0.618587 0.563537 0.061368 0.060709
0 0.718247 0.613405 0.074321 0.131410
0 0.783576 0.601056 0.084256 0.128205