6 0.855726 0.383888 0.129117 0.217253
2 0.820546 0.428050 0.058009 0.126684
6 0.634793 0.375655 0.110404 0.218001
2 0.652258 0.416823 0.073728 0.134169
1 0.609469 0.413735 0.020334 0.038922
1 0.855102 0.414951 0.018089 0.049214
5 0.735030 0.630894 0.042914 0.075786
5 0.564122 0.684225 0.049651 0.073540
7 0.656063 0.695359 0.211078 0.452844
4 0.636352 0.331025 0.128493 0.137350
4 0.849676 0.347399 0.142715 0.146894
0 0.644087 0.632298 0.273703 0.735404
0 0.844748 0.636602 0.235155 0.726796
3 0.759232 0.594873 0.063124 0.147829