6 0.155750 0.308000 0.036833 0.071000
2 0.158667 0.319625 0.025000 0.043250
6 0.163583 0.341500 0.020167 0.033000
6 0.159750 0.371125 0.012500 0.029750
2 0.160083 0.372625 0.011167 0.026750
6 0.225833 0.452000 0.007333 0.028000
2 0.225750 0.454250 0.005167 0.017500
6 0.214417 0.456875 0.013833 0.025750
2 0.214333 0.459250 0.010333 0.018500
5 0.145750 0.386875 0.016167 0.026750
5 0.125167 0.433000 0.011667 0.028000
0 0.155167 0.339375 0.039000 0.134250
0 0.225917 0.487375 0.009833 0.081250
0 0.216500 0.513250 0.018333 0.141500
0 0.214917 0.518000 0.016833 0.129500