6 0.092179 0.721918 0.054398 0.065606
2 0.099950 0.727510 0.038525 0.052435
6 0.558532 0.671968 0.048280 0.073559
6 0.459573 0.236208 0.044808 0.096173
2 0.461723 0.254225 0.035549 0.059145
6 0.690228 0.311754 0.049769 0.091203
2 0.683780 0.330517 0.035549 0.050696
6 0.807953 0.532803 0.044147 0.080517
2 0.806052 0.548459 0.032077 0.047714
0 0.105985 0.771372 0.135913 0.457256
0 0.562004 0.756213 0.138228 0.487575
0 0.459491 0.467694 0.133598 0.560139
0 0.677745 0.536282 0.126653 0.545229
0 0.799769 0.609592 0.118056 0.235089
5 0.142526 0.553429 0.021495 0.021869
5 0.402199 0.491923 0.019015 0.050447
5 0.517361 0.491054 0.016534 0.042744
5 0.516452 0.535785 0.019676 0.047714
5 0.592593 0.563867 0.037368 0.046223
5 0.645255 0.525721 0.025298 0.042495
5 0.804812 0.704399 0.031581 0.043986
1 0.074157 0.728007 0.008763 0.018141
1 0.440807 0.236208 0.006614 0.020626
1 0.704613 0.321198 0.011078 0.021123
1 0.577050 0.687624 0.010251 0.014911