6 0.739267 0.452679 0.071146 0.139333
6 0.621099 0.507078 0.072782 0.133266
6 0.498024 0.502831 0.084231 0.115066
6 0.257394 0.463195 0.060924 0.114257
6 0.181205 0.468959 0.077007 0.143984
2 0.728295 0.474621 0.047022 0.098281
2 0.613943 0.519919 0.049203 0.098281
2 0.507564 0.514156 0.036800 0.085541
2 0.266117 0.475733 0.042388 0.083519
2 0.195243 0.491507 0.042660 0.093225
1 0.757190 0.462993 0.009950 0.034985
1 0.638544 0.501517 0.012267 0.034378
1 0.239812 0.475025 0.012403 0.030334
1 0.165463 0.489585 0.014993 0.037614
5 0.798555 0.712032 0.055609 0.071992
5 0.659193 0.834884 0.061469 0.024469
5 0.695993 0.823761 0.046749 0.033771
5 0.569238 0.799798 0.031757 0.047321
5 0.570192 0.717594 0.041025 0.068959
5 0.421562 0.709505 0.041706 0.053994
5 0.316751 0.720728 0.034892 0.076441
5 0.308437 0.753286 0.030258 0.072801
5 0.145223 0.784833 0.048930 0.063094
0 0.814025 0.617796 0.371950 0.480890
0 0.299782 0.613043 0.199128 0.425683
0 0.653946 0.634783 0.231702 0.396764
0 0.129821 0.641759 0.207305 0.485541
0 0.466812 0.626188 0.242606 0.374722