2 0.507321 0.348419 0.056429 0.136439
6 0.518125 0.327121 0.083036 0.179035
2 0.747143 0.273378 0.057143 0.181364
6 0.783214 0.247421 0.131786 0.235275
2 0.962589 0.273544 0.074821 0.302829
6 0.962321 0.236772 0.075357 0.379700
2 0.255982 0.361897 0.044107 0.179368
6 0.224821 0.340599 0.107857 0.227288
2 0.044018 0.305990 0.087679 0.293844
6 0.044643 0.233444 0.088929 0.438935
5 0.446250 0.609484 0.061786 0.056905
5 0.481250 0.604160 0.043571 0.045591
5 0.313929 0.629285 0.060357 0.093178
5 0.310893 0.798170 0.145357 0.149418
5 0.308125 0.722962 0.095893 0.084859
5 0.656964 0.670715 0.093571 0.074875
5 0.606696 0.648586 0.066964 0.067221
5 0.818125 0.796506 0.128393 0.145424
5 0.793750 0.761231 0.096429 0.120133
0 0.490179 0.440932 0.268214 0.400000
0 0.212232 0.455241 0.264821 0.457238
0 0.196429 0.470216 0.392500 0.939767
0 0.744464 0.475042 0.346429 0.699168
0 0.872411 0.518968 0.255179 0.962063