2 0.705706 0.367367 0.044044 0.104605
6 0.710627 0.359109 0.054221 0.126126
2 0.907741 0.648774 0.092426 0.080831
6 0.915165 0.646897 0.107941 0.084585
2 0.184852 0.374750 0.061728 0.108859
6 0.174341 0.351852 0.089756 0.155155
5 0.223056 0.575701 0.055389 0.052803
5 0.245245 0.605480 0.030030 0.045796
5 0.748665 0.620621 0.049216 0.066567
1 0.153237 0.347848 0.010511 0.038539
1 0.731398 0.362362 0.011345 0.027528
0 0.150734 0.634384 0.220053 0.725726
0 0.713964 0.648023 0.146980 0.702953
0 0.603520 0.682558 0.739573 0.187437