6 0.051083 0.449550 0.102167 0.252248
2 0.056583 0.498501 0.090833 0.153846
6 0.137500 0.343656 0.127000 0.196803
2 0.161917 0.364261 0.078167 0.154096
6 0.631500 0.359266 0.084667 0.177073
2 0.635583 0.390485 0.071167 0.113636
6 0.906833 0.432193 0.156667 0.223027
2 0.866250 0.467033 0.074833 0.152348
5 0.144500 0.818057 0.057333 0.087662
5 0.361417 0.767982 0.036500 0.083417
5 0.306167 0.683691 0.065333 0.079670
5 0.538167 0.371753 0.046000 0.129620
5 0.762583 0.787837 0.075500 0.111638
5 0.778083 0.769605 0.080167 0.085664
5 0.640917 0.646354 0.081833 0.066434
5 0.361000 0.645854 0.081333 0.058442
1 0.008333 0.489760 0.016667 0.060939
1 0.118583 0.371878 0.025167 0.046454
1 0.598333 0.378497 0.019000 0.042707
1 0.911417 0.477647 0.020833 0.041708
0 0.232500 0.528222 0.345000 0.591908
0 0.151917 0.625500 0.303833 0.619131
0 0.647500 0.473776 0.291333 0.409590
0 0.860500 0.645604 0.279000 0.708791