6 0.242749 0.507236 0.072710 0.154975
6 0.324363 0.468945 0.058141 0.120603
6 0.499056 0.491759 0.091596 0.121608
6 0.624309 0.488844 0.067989 0.141910
6 0.685013 0.457286 0.066100 0.138693
2 0.253609 0.528744 0.048024 0.107136
2 0.330096 0.486533 0.045865 0.087839
2 0.501889 0.504020 0.043842 0.080603
2 0.617159 0.509246 0.049912 0.099899
2 0.675300 0.479698 0.042358 0.092663
1 0.301970 0.470151 0.009578 0.029749
1 0.222042 0.521307 0.014299 0.036784
1 0.644813 0.496080 0.013220 0.032161
1 0.697963 0.461910 0.012680 0.032965
5 0.717051 0.480000 0.031971 0.084824
5 0.659247 0.822814 0.065830 0.025528
5 0.702347 0.809347 0.029273 0.032362
5 0.503103 0.672764 0.031431 0.047839
5 0.411709 0.765226 0.034534 0.049849
5 0.326319 0.745327 0.030757 0.075176
5 0.348712 0.761106 0.026170 0.046432
5 0.159045 0.769246 0.048563 0.056281
0 0.802509 0.647538 0.394982 0.501910
0 0.342034 0.597990 0.140969 0.390754
0 0.620464 0.611256 0.268582 0.390754
0 0.235937 0.641910 0.376905 0.428744
0 0.491501 0.621508 0.198435 0.376281