6 0.554731 0.269185 0.069971 0.151093
1 0.586138 0.277932 0.007686 0.027833
6 0.496024 0.378131 0.080307 0.139165
1 0.477869 0.398012 0.016433 0.024652
6 0.677710 0.489264 0.100186 0.206362
2 0.672012 0.564612 0.060694 0.054871
3 0.523191 0.830815 0.041346 0.087873
5 0.689902 0.822664 0.040286 0.062028
3 0.503048 0.580517 0.044527 0.027833
3 0.502650 0.610934 0.036841 0.044930
5 0.553538 0.574354 0.030480 0.066402
4 0.675192 0.467992 0.113703 0.165408
4 0.512854 0.367396 0.063610 0.120875
4 0.552478 0.250298 0.068646 0.118887
0 0.657832 0.628827 0.310628 0.487873
0 0.578187 0.398211 0.153459 0.417893
0 0.423271 0.509344 0.241717 0.407157