6 0.073112 0.211080 0.145803 0.293128
2 0.073007 0.233240 0.145592 0.249369
6 0.411109 0.136185 0.149800 0.271809
2 0.423838 0.154418 0.123080 0.234783
6 0.783505 0.224825 0.154850 0.267321
2 0.791185 0.243759 0.126026 0.231136
5 0.574900 0.892987 0.090680 0.164656
5 0.476857 0.799860 0.145803 0.128191
5 0.493793 0.738149 0.147696 0.084432
5 0.535031 0.664376 0.191037 0.240393
5 0.450137 0.689762 0.117610 0.122300
5 0.937724 0.508696 0.100989 0.162973
1 0.354934 0.163394 0.026089 0.058065
1 0.723753 0.257504 0.012624 0.040393
0 0.422154 0.500000 0.396592 0.999439
0 0.683673 0.543198 0.632653 0.913604
0 0.193878 0.531136 0.387334 0.937728
0 0.255312 0.637868 0.510204 0.260309