6 0.021267 0.356660 0.016471 0.041506
6 0.042896 0.350064 0.017014 0.035393
6 0.060633 0.366956 0.015204 0.030566
6 0.077014 0.365187 0.016471 0.027027
6 0.094751 0.357304 0.012127 0.025418
6 0.108869 0.373552 0.011403 0.027027
6 0.160814 0.348295 0.013937 0.029279
6 0.190860 0.369369 0.010317 0.016088
6 0.255656 0.398327 0.020814 0.045045
6 0.286878 0.375483 0.017014 0.032819
6 0.311674 0.344595 0.015204 0.036680
6 0.326335 0.358591 0.013394 0.033140
6 0.372308 0.346364 0.015204 0.040219
6 0.712670 0.331242 0.030588 0.060811
3 0.652127 0.469755 0.026425 0.035393
3 0.720271 0.453990 0.012851 0.025740
4 0.710860 0.332851 0.031674 0.055663
0 0.020181 0.447716 0.040362 0.230695
0 0.050679 0.465573 0.037647 0.251609
0 0.078824 0.452220 0.035294 0.208172
0 0.101086 0.395431 0.034570 0.119048
0 0.251584 0.460746 0.040181 0.167310
0 0.134932 0.573681 0.094661 0.347490
0 0.285611 0.462033 0.035837 0.196268
0 0.311041 0.451094 0.057738 0.266409
0 0.332036 0.423906 0.025882 0.158623
0 0.368869 0.444337 0.070950 0.265122
0 0.719367 0.548423 0.162353 0.499678
0 0.845792 0.495495 0.081086 0.355212