6 0.392684 0.151102 0.100830 0.230091
6 0.498443 0.097925 0.075752 0.152789
6 0.680733 0.225681 0.123833 0.238132
6 0.798772 0.138392 0.095988 0.175616
6 0.168973 0.146952 0.110342 0.223865
1 0.433068 0.167445 0.015220 0.054734
1 0.467399 0.116602 0.010204 0.032944
1 0.529661 0.121530 0.007091 0.030350
1 0.727862 0.246822 0.025424 0.055772
1 0.840107 0.146304 0.015738 0.058106
1 0.761328 0.152399 0.014528 0.051102
1 0.115790 0.162127 0.008820 0.031647
1 0.218523 0.178988 0.015047 0.053437
2 0.166724 0.188846 0.091664 0.137484
2 0.387150 0.191310 0.080076 0.110765
2 0.497925 0.120752 0.054306 0.106096
2 0.671653 0.257977 0.101868 0.158495
2 0.798253 0.159533 0.075925 0.104280
5 0.600657 0.693256 0.089934 0.141375
5 0.143462 0.513100 0.046870 0.063813
5 0.567883 0.366407 0.037184 0.048508
5 0.798426 0.394812 0.052750 0.035279
3 0.430820 0.533852 0.053269 0.057069
3 0.295054 0.531388 0.063300 0.182879
0 0.518592 0.231258 0.171394 0.387808
0 0.815462 0.519455 0.179177 0.939818
0 0.151418 0.505447 0.240574 0.948119
0 0.371671 0.516342 0.270495 0.953307
0 0.627637 0.554604 0.254237 0.890791