6 0.225211 0.450228 0.097561 0.082827
2 0.229428 0.467097 0.069068 0.047264
6 0.350467 0.503571 0.090495 0.082219
2 0.346136 0.512918 0.078186 0.062918
6 0.446889 0.450836 0.120128 0.111094
2 0.445407 0.466261 0.110782 0.081155
6 0.680875 0.372416 0.229314 0.177660
2 0.646455 0.429863 0.089355 0.062766
1 0.266583 0.452356 0.014361 0.022036
1 0.390016 0.504331 0.011397 0.020213
1 0.496353 0.442857 0.020743 0.029483
1 0.694324 0.402508 0.018236 0.021733
5 0.212902 0.561930 0.034192 0.036626
5 0.189537 0.675304 0.070435 0.030851
5 0.480169 0.775228 0.130157 0.058359
5 0.616481 0.674848 0.072259 0.048176
5 0.634944 0.742401 0.137452 0.083891
0 0.285845 0.595593 0.263962 0.267781
0 0.497265 0.599012 0.305676 0.408967
0 0.249829 0.530167 0.170048 0.248480
0 0.760998 0.603267 0.478003 0.637842