5 0.412360 0.599630 0.050401 0.036523
5 0.515409 0.610379 0.033708 0.024272
5 0.604494 0.645515 0.026324 0.025196
5 0.618941 0.621822 0.028892 0.027277
2 0.449117 0.503121 0.053291 0.039991
2 0.639165 0.510287 0.025040 0.031207
1 0.419583 0.494568 0.013483 0.015025
1 0.650080 0.506819 0.011557 0.017337
4 0.442055 0.466019 0.074478 0.041147
4 0.654254 0.477809 0.092456 0.042534
7 0.705939 0.586916 0.142536 0.102635
7 0.475602 0.564031 0.137721 0.099861
6 0.440289 0.485899 0.072231 0.079057
6 0.654254 0.491909 0.092456 0.070735
0 0.434671 0.608530 0.306260 0.330791
0 0.637400 0.623902 0.304655 0.337494