6 0.243347 0.510679 0.183240 0.276261
6 0.461951 0.398634 0.092437 0.129202
6 0.819444 0.442927 0.170635 0.286415
5 0.508870 0.522584 0.025210 0.061275
5 0.468954 0.588585 0.059757 0.066527
5 0.062325 0.953957 0.084034 0.071078
2 0.207049 0.550245 0.111578 0.197829
2 0.458450 0.418592 0.048086 0.087885
2 0.809290 0.470238 0.141457 0.233193
1 0.885971 0.488796 0.033847 0.074230
1 0.737512 0.454307 0.005369 0.061275
1 0.429855 0.394608 0.011438 0.031513
1 0.267857 0.503501 0.029645 0.054622
0 0.452614 0.585784 0.235761 0.506303
0 0.744748 0.651961 0.510504 0.696078
0 0.213702 0.686099 0.387722 0.627801