6 0.308551 0.591693 0.064649 0.045063
2 0.323538 0.598942 0.034675 0.030564
6 0.822069 0.522433 0.051425 0.046042
2 0.817808 0.534385 0.037026 0.021356
1 0.302527 0.606681 0.007346 0.008033
1 0.799148 0.517339 0.004996 0.010776
5 0.388187 0.661148 0.029386 0.014303
5 0.399941 0.626959 0.011754 0.014107
5 0.736409 0.536344 0.024684 0.027625
5 0.807670 0.602567 0.026153 0.019397
5 0.506465 0.038205 0.017338 0.021944
0 0.317073 0.629114 0.177490 0.119122
0 0.806200 0.546728 0.164855 0.126371
0 0.454452 0.040165 0.127241 0.080329
0 0.256832 0.039185 0.050544 0.078370