6 0.738977 0.688264 0.004233 0.004939
6 0.725044 0.688382 0.005291 0.005174
6 0.711993 0.678269 0.004586 0.004704
6 0.681129 0.680974 0.004233 0.005880
6 0.473545 0.688147 0.004586 0.005644
6 0.864374 0.679563 0.007407 0.010583
6 0.879189 0.681679 0.006702 0.008231
6 0.845326 0.683678 0.005291 0.006585
6 0.898236 0.682267 0.007407 0.007996
6 0.993651 0.678857 0.010582 0.011524
6 0.970194 0.681562 0.010935 0.007996
6 0.979365 0.679915 0.006702 0.006585
6 0.959259 0.682738 0.008113 0.008937
6 0.985714 0.681797 0.004586 0.007526
0 0.511993 0.699200 0.016578 0.032455
0 0.477249 0.700376 0.018342 0.032455
0 0.567372 0.684266 0.010229 0.010583
0 0.554850 0.684149 0.010582 0.010818
0 0.728571 0.700847 0.012346 0.031985
0 0.741093 0.697201 0.010582 0.023754
0 0.713228 0.686030 0.009877 0.023048
0 0.683951 0.687206 0.010582 0.018815
0 0.862963 0.685795 0.021517 0.021637
0 0.844444 0.694732 0.014109 0.030103
0 0.836861 0.698730 0.010935 0.020696
0 0.880247 0.685089 0.014462 0.011759
0 0.896120 0.684149 0.016578 0.013170