6 0.270108 0.350405 0.045856 0.087716
6 0.422818 0.333487 0.036415 0.079257
6 0.702305 0.061512 0.063021 0.123023
6 0.753740 0.555075 0.019495 0.029239
2 0.267778 0.360886 0.042668 0.066752
2 0.424166 0.345899 0.032246 0.053328
2 0.712972 0.079165 0.053703 0.083303
2 0.751533 0.560500 0.010177 0.018389
1 0.251287 0.339923 0.008705 0.020780
1 0.437102 0.329165 0.007847 0.019125
1 0.679929 0.086061 0.005763 0.012872
1 0.756192 0.560224 0.003310 0.009011
5 0.238107 0.462762 0.026484 0.044318
5 0.359367 0.635712 0.011035 0.023906
5 0.425208 0.635436 0.012751 0.020780
3 0.380763 0.555627 0.020721 0.054616
3 0.483754 0.538709 0.013855 0.059397
3 0.667423 0.368794 0.053335 0.094336
3 0.739210 0.611162 0.008828 0.012688
0 0.251287 0.567396 0.177170 0.522067
0 0.430113 0.539077 0.116233 0.491909
0 0.793771 0.398584 0.367092 0.767010
0 0.764713 0.613001 0.045120 0.147665
0 0.393759 0.580728 0.077857 0.129092