6 0.250328 0.585222 0.088177 0.146305
6 0.310345 0.553695 0.055829 0.118227
6 0.723153 0.398030 0.041708 0.072414
6 0.810837 0.574138 0.071593 0.108867
2 0.271018 0.598276 0.042857 0.119704
2 0.321593 0.571305 0.031034 0.077586
2 0.716995 0.406158 0.023481 0.056158
5 0.337521 0.865887 0.055665 0.051478
5 0.373974 0.773030 0.055337 0.037685
5 0.385796 0.695320 0.037603 0.033005
5 0.398030 0.677463 0.038095 0.024877
5 0.718144 0.724015 0.029721 0.039163
5 0.786617 0.622660 0.029392 0.040394
5 0.710673 0.432266 0.020361 0.040887
1 0.239491 0.616502 0.019540 0.031527
1 0.298030 0.566626 0.008867 0.023892
1 0.732266 0.400616 0.008374 0.014039
0 0.339901 0.626601 0.162890 0.262069
0 0.253284 0.742857 0.299343 0.463547
0 0.724548 0.535714 0.078654 0.352217
0 0.798276 0.682389 0.191954 0.330296