6 0.305721 0.417411 0.016865 0.018849
2 0.304894 0.418775 0.012566 0.016121
6 0.345238 0.426091 0.020503 0.023313
2 0.343915 0.427951 0.014550 0.019097
6 0.383267 0.418899 0.017857 0.019345
6 0.186343 0.423859 0.016865 0.017857
6 0.281581 0.434524 0.030093 0.024306
6 0.468915 0.390873 0.018519 0.020337
2 0.467262 0.393105 0.013889 0.014385
5 0.467427 0.420387 0.010913 0.006448
5 0.459491 0.437996 0.006944 0.006448
5 0.354167 0.433160 0.009259 0.014633
1 0.470899 0.390377 0.004630 0.006448
0 0.477017 0.436012 0.041997 0.112599
0 0.308036 0.422495 0.023479 0.030506
0 0.353340 0.428323 0.036706 0.031250
0 0.184028 0.424727 0.020833 0.021577
0 0.394180 0.433904 0.044312 0.049355