2 0.507812 0.476953 0.088542 0.112760
2 0.836024 0.451042 0.067882 0.145313
2 0.130382 0.464714 0.086806 0.131510
6 0.115451 0.419010 0.119792 0.209375
6 0.517535 0.429688 0.101736 0.221875
6 0.890104 0.396745 0.173611 0.255990
1 0.555816 0.458854 0.022396 0.053646
1 0.077865 0.434115 0.028299 0.058333
5 0.729253 0.787109 0.083507 0.116406
5 0.664323 0.757552 0.057118 0.107812
5 0.462934 0.804427 0.044965 0.080729
5 0.549826 0.805729 0.052431 0.066146
5 0.269705 0.779818 0.049479 0.062760
5 0.190451 0.601302 0.069444 0.154167
0 0.537153 0.573698 0.308681 0.521354
0 0.145052 0.571094 0.290104 0.516146
0 0.812500 0.567708 0.375000 0.606250