6 0.421388 0.439587 0.091033 0.146572
2 0.434320 0.468646 0.041688 0.088453
6 0.546197 0.536452 0.070104 0.094061
2 0.532074 0.537471 0.035392 0.081825
6 0.770801 0.287790 0.061256 0.116238
2 0.762549 0.301682 0.041348 0.082845
1 0.555981 0.554678 0.014123 0.021922
1 0.410413 0.465205 0.011230 0.027530
5 0.418411 0.632297 0.047984 0.051746
5 0.485282 0.616365 0.023141 0.033648
5 0.597243 0.598522 0.023141 0.037726
5 0.699336 0.461764 0.033691 0.041040
5 0.763485 0.495794 0.034371 0.042824
0 0.552918 0.564237 0.156032 0.149121
0 0.775140 0.595845 0.182576 0.731838
0 0.381657 0.682513 0.171176 0.634973