6 0.813043 0.210221 0.112095 0.210339
6 0.576206 0.483401 0.079842 0.124970
6 0.352964 0.461465 0.055810 0.129002
6 0.131146 0.450676 0.087115 0.133507
6 0.123320 0.581219 0.104664 0.144653
2 0.781502 0.240930 0.047747 0.128053
2 0.556917 0.499526 0.035257 0.081812
2 0.353202 0.472729 0.044585 0.101731
2 0.145455 0.467038 0.055336 0.095091
2 0.148933 0.604340 0.051542 0.092720
1 0.809802 0.217216 0.018972 0.050273
1 0.121186 0.594617 0.023557 0.048138
1 0.327510 0.457078 0.007115 0.030590
1 0.376680 0.458383 0.007115 0.025611
5 0.774783 0.631136 0.078261 0.075172
5 0.653676 0.378231 0.058972 0.090586
5 0.534625 0.691961 0.032411 0.056438
5 0.245771 0.736305 0.027984 0.038890
5 0.235652 0.672635 0.029249 0.031065
5 0.292332 0.498459 0.025613 0.064975
5 0.352885 0.656272 0.035099 0.031065
0 0.107352 0.543514 0.188458 0.359497
0 0.561739 0.706545 0.190040 0.569362
0 0.343557 0.535570 0.203004 0.292862
0 0.811067 0.541617 0.375652 0.916765