6 0.258000 0.178820 0.046667 0.100983
2 0.255083 0.195610 0.038833 0.068841
6 0.400083 0.254138 0.037167 0.070760
6 0.480667 0.200648 0.039000 0.064044
6 0.619750 0.167906 0.104500 0.154953
2 0.647167 0.188055 0.049333 0.113217
6 0.855083 0.116215 0.084500 0.156632
2 0.841167 0.135644 0.054667 0.113456
5 0.227417 0.331494 0.015167 0.029743
5 0.245583 0.331854 0.036833 0.040058
5 0.410167 0.145838 0.018333 0.045574
5 0.428750 0.148837 0.019833 0.039098
5 0.634917 0.526865 0.051833 0.054450
5 0.690333 0.552890 0.044000 0.036460
5 0.793000 0.224634 0.060667 0.073639
5 0.760583 0.250300 0.046167 0.080835
1 0.276417 0.184817 0.006500 0.021348
1 0.416583 0.265052 0.004833 0.015351
1 0.468250 0.221996 0.006833 0.019429
1 0.872083 0.118614 0.017500 0.042456
1 0.617750 0.186855 0.018167 0.034541
0 0.485667 0.427561 0.085667 0.519789
0 0.257333 0.439794 0.143667 0.623891
0 0.617500 0.544375 0.212000 0.911250
0 0.845250 0.518350 0.215833 0.963301
0 0.398750 0.385104 0.093167 0.518829