2 0.348293 0.263748 0.058576 0.086915
6 0.325959 0.236884 0.105773 0.173515
6 0.354298 0.038559 0.053308 0.075853
6 0.927097 0.078856 0.062790 0.083123
6 0.657817 0.034766 0.055204 0.069532
0 0.465234 0.484829 0.385166 0.749052
0 0.903603 0.294248 0.135904 0.518963
0 0.315529 0.315740 0.132533 0.631479
1 0.637484 0.056574 0.007375 0.026549
1 0.679625 0.035240 0.006532 0.023072
1 0.930362 0.087863 0.012432 0.022756
1 0.344711 0.030183 0.010114 0.023072
1 0.360936 0.212547 0.013906 0.023704
3 0.413506 0.546776 0.062579 0.066372
4 0.318689 0.237674 0.092078 0.183944