5 0.150559 0.440844 0.045332 0.077160
5 0.332948 0.512217 0.046296 0.061986
5 0.717882 0.820087 0.103202 0.052212
5 0.660494 0.795525 0.076389 0.076132
5 0.572049 0.703704 0.069252 0.045782
5 0.589120 0.719779 0.086420 0.047068
6 0.216242 0.149949 0.089506 0.170267
2 0.212577 0.170267 0.072145 0.131173
6 0.697820 0.384774 0.123264 0.202675
2 0.678627 0.428884 0.078704 0.112397
6 0.848476 0.415766 0.162616 0.251286
1 0.255015 0.155093 0.011574 0.038580
0 0.228202 0.369084 0.255787 0.605967
0 0.679688 0.521219 0.284144 0.473508
0 0.810957 0.618570 0.378086 0.662551