6 0.417101 0.532682 0.032465 0.061719
6 0.373698 0.544922 0.018576 0.027865
6 0.303993 0.562891 0.019792 0.034115
6 0.535590 0.556901 0.009375 0.016927
6 0.539497 0.550521 0.006076 0.013542
6 0.505729 0.536328 0.004861 0.010156
6 0.508507 0.541406 0.006250 0.010938
6 0.511458 0.551693 0.009028 0.018490
6 0.522309 0.519661 0.004340 0.008594
6 0.507465 0.513542 0.004514 0.006771
6 0.493924 0.517057 0.004514 0.008594
6 0.497135 0.510547 0.003993 0.007552
6 0.485243 0.542839 0.006597 0.012760
6 0.473524 0.537891 0.007465 0.012760
6 0.465451 0.540755 0.006597 0.012240
6 0.448785 0.533594 0.006250 0.012500
6 0.440451 0.540234 0.007639 0.015365
6 0.593056 0.593359 0.007639 0.015365
6 0.588455 0.547266 0.005382 0.005990
6 0.590278 0.539974 0.005903 0.011198
6 0.554514 0.528516 0.004167 0.007552
6 0.553125 0.516276 0.003819 0.007552
6 0.562153 0.522005 0.004514 0.008073
6 0.571267 0.525521 0.004340 0.008333
6 0.541319 0.517448 0.004167 0.008333
5 0.274653 0.666016 0.010069 0.021615
5 0.317101 0.665885 0.010590 0.021354
5 0.368490 0.658203 0.013715 0.023177
5 0.309028 0.556510 0.013194 0.020833
5 0.274132 0.455208 0.012847 0.024479
5 0.281597 0.541797 0.005208 0.015885
5 0.452604 0.560417 0.003125 0.005729
1 0.306944 0.566146 0.002431 0.007812
7 0.406944 0.643750 0.074653 0.170833
7 0.482378 0.563281 0.015451 0.026562
0 0.392014 0.729427 0.118403 0.454167
0 0.343142 0.676042 0.080382 0.288542
0 0.290278 0.657422 0.063889 0.224740
0 0.253906 0.502344 0.054340 0.179167
0 0.438802 0.560026 0.011285 0.054948
0 0.448524 0.557943 0.011285 0.062760
0 0.465017 0.570443 0.018229 0.073177
0 0.474045 0.547396 0.008507 0.033333
0 0.483767 0.567318 0.018576 0.063802
0 0.511719 0.598307 0.023785 0.114323
0 0.536545 0.600521 0.023438 0.105208
0 0.599045 0.610807 0.020312 0.049740
0 0.626910 0.607422 0.013889 0.104948
0 0.585677 0.564714 0.022743 0.042448
0 0.591493 0.546094 0.009722 0.025521
0 0.555382 0.544401 0.011806 0.041406
0 0.507118 0.523438 0.009375 0.027083
0 0.569531 0.532682 0.008160 0.023698
0 0.561632 0.525130 0.008333 0.015885
0 0.533507 0.523307 0.009028 0.016406
0 0.520486 0.523438 0.007986 0.016667
0 0.493142 0.523177 0.005382 0.021875