2 0.192167 0.238250 0.090333 0.186000
6 0.149167 0.180875 0.175667 0.298750
2 0.246750 0.180875 0.038500 0.099250
6 0.228750 0.132625 0.075167 0.191750
2 0.915583 0.241750 0.112833 0.141500
6 0.928917 0.162125 0.142167 0.301750
1 0.142167 0.214250 0.020333 0.062500
1 0.974667 0.210625 0.025667 0.062250
5 0.317250 0.524750 0.057833 0.095500
5 0.325667 0.434250 0.071000 0.173000
5 0.717083 0.462250 0.073833 0.087000
5 0.757750 0.582750 0.092167 0.124000
5 0.341167 0.286125 0.050000 0.052250
0 0.185083 0.528375 0.369833 0.942750
0 0.273833 0.247875 0.186333 0.427750
0 0.839167 0.465875 0.321667 0.909750