6 0.225720 0.386020 0.210859 0.211265
2 0.500468 0.258777 0.153756 0.120924
6 0.493681 0.212592 0.205710 0.214542
2 0.809619 0.253394 0.211327 0.174130
6 0.814767 0.238649 0.233326 0.202684
1 0.135970 0.389998 0.030892 0.053831
1 0.913059 0.223826 0.035338 0.056639
1 0.242219 0.402715 0.189562 0.077391
5 0.497309 0.636527 0.198455 0.050398
5 0.470044 0.685598 0.230049 0.042440
5 0.487011 0.652910 0.196583 0.068809
5 0.309267 0.918240 0.049380 0.104853
5 0.979640 0.933453 0.040721 0.133094
0 0.298970 0.640428 0.597473 0.719145
0 0.677861 0.551022 0.644278 0.897956
0 0.490873 0.573256 0.518371 0.853487