6 0.428610 0.195798 0.107843 0.217612
6 0.872014 0.545236 0.179679 0.223233
6 0.201515 0.487286 0.161676 0.222966
2 0.434670 0.223100 0.072193 0.141595
2 0.240553 0.485278 0.079679 0.171306
2 0.822995 0.556745 0.072727 0.175054
1 0.190463 0.527034 0.021212 0.053533
1 0.870499 0.609877 0.028342 0.051124
5 0.356952 0.580434 0.043316 0.097163
5 0.691176 0.937099 0.096078 0.125803
5 0.511497 0.730059 0.057219 0.051660
0 0.820053 0.711188 0.352406 0.565846
0 0.434581 0.469754 0.288770 0.804604
0 0.194920 0.662607 0.309982 0.602516