2 0.551047 0.404484 0.033397 0.072317
6 0.544471 0.395023 0.047932 0.095905
2 0.469026 0.405651 0.021284 0.081389
6 0.451030 0.396708 0.056584 0.102903
2 0.823672 0.401374 0.032185 0.063504
6 0.829728 0.391783 0.045337 0.081130
1 0.529936 0.411223 0.010555 0.016848
5 0.494809 0.543287 0.026129 0.041472
5 0.493078 0.541731 0.029590 0.046656
5 0.570168 0.445568 0.024572 0.062208
5 0.758090 0.455806 0.020419 0.043805
5 0.814414 0.546527 0.042741 0.024106
0 0.544471 0.590202 0.138259 0.493520
0 0.829296 0.570632 0.164215 0.436236
0 0.482090 0.597071 0.230490 0.502074