6 0.685425 0.805896 0.004639 0.009888
5 0.707520 0.868888 0.002441 0.006592
5 0.701599 0.836294 0.002075 0.005127
5 0.729736 0.810841 0.003418 0.005493
5 0.451904 0.926570 0.003662 0.007691
5 0.443726 0.921260 0.001953 0.004029
5 0.688171 0.702985 0.002075 0.002930
5 0.718689 0.748581 0.003052 0.004761
5 0.709717 0.559055 0.002197 0.002930
5 0.703674 0.570408 0.002075 0.002930
5 0.697144 0.566014 0.001953 0.002564
3 0.385132 0.812214 0.005127 0.005310
3 0.405273 0.753342 0.003418 0.005493
3 0.480103 0.728438 0.002686 0.005493
3 0.715698 0.697217 0.001953 0.004944
3 0.702454 0.772294 0.002319 0.006775
3 0.713196 0.774217 0.002808 0.005127
2 0.446411 0.895349 0.005615 0.010071
2 0.403931 0.740707 0.003174 0.005127
4 0.302429 0.785479 0.004761 0.006409
4 0.376648 0.798846 0.004517 0.009705
4 0.403137 0.736220 0.003784 0.006409
4 0.437683 0.703168 0.005493 0.009156
4 0.482605 0.710126 0.005493 0.008790
4 0.710754 0.833730 0.005981 0.008790
4 0.140198 0.616737 0.004272 0.005860
4 0.427979 0.537173 0.002686 0.004578
4 0.421936 0.539645 0.002319 0.002930
4 0.419556 0.538454 0.001953 0.004944
4 0.417603 0.539279 0.002197 0.002930
4 0.494019 0.536806 0.001953 0.003845
4 0.485352 0.536257 0.001953 0.003479
4 0.472412 0.792620 0.005127 0.011536
4 0.707703 0.750046 0.004028 0.004761
4 0.689392 0.687054 0.004517 0.006226
4 0.675293 0.684490 0.002686 0.004029
4 0.707825 0.810932 0.005005 0.008606
4 0.717346 0.731551 0.004761 0.005493
4 0.717773 0.680553 0.003906 0.005310
4 0.671021 0.354880 0.003418 0.004395
4 0.715210 0.381249 0.003174 0.004029
4 0.736145 0.385735 0.002808 0.003845
4 0.693298 0.795642 0.005493 0.007691
4 0.733215 0.808460 0.005493 0.008423
4 0.723999 0.737044 0.003662 0.005493
5 0.807312 0.678997 0.001831 0.003662
4 0.837830 0.541934 0.002319 0.003113
4 0.799438 0.542117 0.001953 0.003479
4 0.768005 0.660593 0.001831 0.004578
4 0.670410 0.673137 0.002930 0.004761
4 0.684692 0.658762 0.002930 0.004212
4 0.634521 0.672221 0.002930 0.004761
5 0.315125 0.803516 0.003052 0.002930
7 0.137756 0.626076 0.009888 0.013551
7 0.263733 0.919612 0.015991 0.032229
7 0.302490 0.808552 0.008301 0.021058
7 0.378052 0.813496 0.010986 0.023256
7 0.402344 0.750046 0.009277 0.020509
7 0.438110 0.718733 0.009277 0.019777
7 0.481140 0.720198 0.007446 0.016847
7 0.479614 0.798755 0.011963 0.015748
7 0.448547 0.911921 0.011597 0.030397
7 0.712891 0.853598 0.013428 0.026552
7 0.733643 0.822377 0.010986 0.020875
7 0.707581 0.826589 0.010132 0.023073
7 0.694519 0.812214 0.010376 0.023256
7 0.707520 0.763871 0.009521 0.019593
7 0.717957 0.743728 0.007935 0.015199
7 0.724915 0.745926 0.007690 0.013001
7 0.717773 0.688976 0.006592 0.013734
7 0.690125 0.697034 0.005737 0.014100
7 0.811890 0.689159 0.007080 0.012635
7 0.675354 0.692547 0.004272 0.009522
4 0.386963 0.540194 0.002441 0.004395
4 0.432800 0.435726 0.001587 0.003113
4 0.423401 0.436184 0.002319 0.003296
7 0.702881 0.577916 0.005859 0.007325
4 0.699097 0.575719 0.001953 0.004029
7 0.621826 0.537997 0.003662 0.006226
7 0.670959 0.361289 0.005005 0.008790
7 0.686340 0.371544 0.004761 0.007325
7 0.735413 0.392785 0.003540 0.008057
6 0.733765 0.808277 0.005859 0.008057
6 0.707397 0.811024 0.005615 0.008057
6 0.711060 0.835103 0.005615 0.009705
6 0.693604 0.797015 0.005371 0.008240
6 0.707886 0.750229 0.004395 0.008057
6 0.717102 0.732192 0.004517 0.006409
6 0.717529 0.679363 0.002686 0.004029
6 0.689819 0.686687 0.004150 0.005127
6 0.675110 0.684307 0.002808 0.004029
6 0.670593 0.673137 0.003052 0.004395
6 0.811279 0.680828 0.002441 0.004761
6 0.799500 0.542208 0.002075 0.004029
6 0.837280 0.542025 0.001709 0.002930
4 0.701782 0.558689 0.002930 0.004029
6 0.701782 0.559147 0.002441 0.004944
6 0.715210 0.381798 0.002441 0.004029
6 0.670959 0.356162 0.003052 0.005493
6 0.736084 0.385644 0.001953 0.004029
6 0.140259 0.616371 0.003418 0.005860
6 0.302795 0.786120 0.004761 0.006958
6 0.376404 0.798755 0.003784 0.008057
6 0.403198 0.736678 0.003418 0.004761
6 0.437683 0.703443 0.005737 0.010071
6 0.472717 0.792987 0.004517 0.010438
6 0.482361 0.710950 0.004517 0.008973
4 0.447021 0.888574 0.006836 0.007508
6 0.446411 0.893335 0.005615 0.016664
4 0.726868 0.673411 0.002563 0.003113
0 0.450745 0.922175 0.018433 0.079106
0 0.478210 0.796832 0.016968 0.021425
0 0.262817 0.927852 0.017822 0.063725
0 0.378052 0.821278 0.019531 0.056766
0 0.306213 0.811115 0.020386 0.057682
0 0.139160 0.621681 0.012451 0.025270
0 0.401855 0.759202 0.012207 0.052371
0 0.437927 0.723860 0.011353 0.052371
0 0.480774 0.725691 0.011841 0.044314
0 0.492859 0.538821 0.004272 0.009705
0 0.485840 0.540103 0.004883 0.009705
0 0.811401 0.687969 0.011963 0.023805
0 0.717957 0.748581 0.010132 0.040652
0 0.724976 0.751328 0.012207 0.038454
0 0.707581 0.769365 0.014771 0.050723
0 0.732849 0.821644 0.014038 0.041751
0 0.712891 0.862388 0.013916 0.063908
0 0.707275 0.833181 0.013672 0.055301
0 0.694092 0.819813 0.011963 0.058231
0 0.686096 0.829610 0.019653 0.060612
0 0.688843 0.700146 0.007812 0.034609
0 0.675415 0.689526 0.005859 0.018495
0 0.670227 0.678172 0.006226 0.016664
0 0.717285 0.692364 0.007324 0.033693
0 0.710571 0.568760 0.005127 0.023439
0 0.799988 0.545688 0.003540 0.010987
0 0.837891 0.543399 0.002441 0.004944
0 0.700562 0.564457 0.009033 0.020326
0 0.701843 0.578740 0.007935 0.009705
7 0.710754 0.565281 0.004517 0.008057
7 0.701904 0.566014 0.004150 0.010621