6 0.148810 0.382667 0.022381 0.041333
6 0.269286 0.489333 0.013810 0.022667
6 0.363571 0.537667 0.010952 0.020667
6 0.407381 0.466667 0.015714 0.025333
6 0.474286 0.513000 0.011429 0.020667
6 0.593810 0.498000 0.013333 0.022667
6 0.644286 0.498333 0.013333 0.026000
6 0.745476 0.492000 0.018571 0.032000
6 0.842619 0.474667 0.018571 0.032000
6 0.814048 0.484000 0.016667 0.025333
6 0.890238 0.562000 0.009048 0.017333
6 0.897619 0.561333 0.006667 0.012000
0 0.142381 0.507333 0.089524 0.290667
0 0.268333 0.567667 0.050000 0.178000
0 0.350952 0.591667 0.035238 0.130000
0 0.399048 0.547667 0.053333 0.186000
0 0.476905 0.571667 0.037619 0.138000
0 0.594524 0.562333 0.036667 0.158000
0 0.650000 0.560333 0.030476 0.155333
0 0.755714 0.552000 0.038095 0.154667
0 0.785000 0.564333 0.031905 0.118000
0 0.817857 0.553333 0.030000 0.165333
0 0.852857 0.546667 0.042857 0.177333
0 0.902381 0.590333 0.009524 0.075333
0 0.887857 0.591000 0.016667 0.074000